213

8881811 18118 1811818183 88 18 18888111 111813118818818811888181111181311181888, 888·
8818881 111181 Weyr og wind 18 paa 8818818 1181888 183113 181881· 18111, 888 113113
1881881 udj voris Holmens Skrifuerstue 1811818818, 18888 8881 88388118318118 1181181
-beel 118818 811181 18118 81181888113818,Β81811183 88181 81881318, 18 wil wj 81811181818
11118 8118188811381 01118 31188, 88 8881 8881818 011838 811118, 81818 81181 81888, 1188
011838 811818111118111811818183 88118181 8818188818118, 181181188 1811881 811181 huis 11118
udj 18118881111181118111818 08118318 31188 18811811 181818 1818181188. 11. Woris 11138
Α1811181881181 88 1111111113 1818118118118, 8118388 (1831181881, 18818888181, Skippere,
Styrmend‚ Baadsmend 88Βὸ8888811ἱὸ118181811838188381 (18818811 118118 Skib'eromme
111 118118 Β8118818183 881 11811 8381018818, 8188 (181 scheer 811181 118118 Β81811183
81181 til 1811811881 88 Β8818. Η118181181881 18111181, 18 schal voris 1113881ᾰωί181
8881818 (18818, 1818 181 1818 11881, 1818 8881181818 1188 18181181388 88 888, 81181111
voris Nytte 118818181. 0818818 118388 181181 11138 Α181118188 1811111381, 18 88181 18111
01188181, 8818 1113811881 8188 0818118188818, 8888818881181881 01188181881111381,
888 Μ8381, 8881(18818881188111811111818, 1181188 888 111181, 88811813111, udj 818
1118 881 1181811811183. 12. Μ81-Ι881111888 Α11818181181188 udj alle 18 88381, 8818 88-
388118118 8118118181 88 811818 81818 8181188 183881818818 Ρ818811881, 8818 18118 Β8-
1811183 81 18 til 18118 818Ε8181183181111181818888811881, 18181811811181188181 811181,
8881 1111818 88 8818 111 181111 8811888113118111181881. 13. 08188181818818118118118188,
81Ε88 1181181· 118818 3111Μγ118118 81 118111113181 pan Mad 88 ι01 81181 88188118
Μ811181 8188 111113 Α81883 88 18118111181881181881311118118118Μ88381 1111118818, da schal

1113811181118188 1818 (1888818188 81181188, 8818 1813111,188388138818188118 88 811181 ¹

8138838808811 1111111388 8118118. 14. 0811 8111818818 wj 181138318188818188 1181881
8818181181 81111 81 181118 3881 ’11181818 81881 083 88-1181181183188 388 118118 118818,
888 11118 wj, 811811811138 11181181 18118 8118888 181811818818188118 Eqvipagiemester
18888 881 88 11811818 118818 ham 88 18118 88118 81 8118181188 181881818818 Β8118818
88181 11118118, udj huis 888 188181118181818811181188818181811183 881818118181, 818 Β8-
811111831818118111388 1111811888. 081 8818111138 Α181118188 0188813 118818, 81118 11181-
11881818818, 8881 1183188 1811881 81, 811181 18118 8181888113818 318118 Α881811Ι118888
311888, 88 1 1888 11888181888 88181 hand 181 til 118118 (1888181 11811181 8118111838 18118
8118118118. 15. Η18111118118181181811181811118 81 181 18111811111118111818 collegio
88181181181188, 181881 181881 wj 888 881 [8811881188 bemte 08118318 3111181, 111181 811181
18 813181111 11118 8818118 11118 8118118118. 18188188 181 1838811118. (111881 paa
vort slot 1118111118 dead 11 Abra Anno 1818.

“ Under 1811 Ζ13881.

 

