29

01101 11010 100110 00111111 00 110 11110 101 31111 111101 00 0110111111 00 riken nyttent
1110100 meten 101 0011110011 0110 1113330 1111010, 00 01 01311 0101 1010101001101
2 0110101101] 11103101 11101 som 1010 00101111 0101. 00 0011110 0110 1171011131111101]
01 0011111011 00 11011101 1111110 00 11010, 010 01. 01310 01 00010101 11011101 01101
1110310 1101101101 1110111001 01101· 03111101 , 11101 11011101 011 11ρο 301 011101 101
01103101101110101111011101001010110011011101, 1101 0001 thom 110030 0110111)1 00
11011 thera 01101 behelpeh'eht 110100 110101 11000οΡ 00 01 110011, 1100 010 01 111011
1110111111011111111 syn 1031 001101 00 1101113οη 0110111)1 101011 111 at 10110. 111011·
0110100 0001 10111301 styrae 00 1011100 1101 011 11110 j Danmare 0111110 0010010103100
dom, 01101 thy som 1101111031001010010111303101 00 111 01 31110, 010 00]
80011110 oej 1101310 01101· 11011 1031 00 101 00 1011131101003101 0011101311ιο,
00 11103100 013111031 01101101 111 01 001 111101 00 wtj annet, 110 1101 ey 161 101110
110111 1031 0110111101, 11101 10111301 00 11011 111101 111110 widh eyn 1031 0011010011
11010 010001001101111101111110. Κο1 1101 00 010 1101110 010 1011010101 111000
1111001103101101101003011111100131101, 11111101 01 11011101101101011101 1101110, 110
00110 1100111111 tw riken, 101 10111301 01101 1010 0111101101 wpa 10101030111011
til 013101, 1101110011 00 01 1100001 11101 111101 111 hielp 00 1101310 11011110, 1101111011
110111011110001, 011101 111 10111 0110111011, 00 0001 11011 01111101 1101 011011111101ρο
11011100 00 11010 00111101· 111111· 11101 011 0101, 1100 0110 011101 01111101 0110110110
1111101 011 11111011 11011110, 110 0001 1110111101 111101 thom 1101011001 001100100
1011101 0111100010 0111110101 11010 1111011 101000 00 101113, 00 wipo, 0110111101 00
0111310103101110111011011101. 01 011 1101101 111011010 161, 0001110 00101101 01101
01101, 11010110 11111111, 1101 0101110 10111301 110111010, 00 ey 11100010 0111111101
01101 01111310 1101 om queliae 011010 1010 1101 11111. 00 1101 riken 01 01101· 101101
110100 011031 0 0131101 01 11110100 111, 110 0001 0101 1101· 01311 1101 1101101010 10110
01101 1101310, 01101 01311 1111011101 11101131 10111101 111 031 03111 1011101110, 1101 1011011
wi alle ouer 31110100001111301, 01 01 110110 0001 1101 01101 110110 00111310 j 11111101
111101101161131101011101001111, 01 al thry riken 00100 nw 00 1101110 00110 1111101
101 1101113 00 10111 00 111110 010 0010111110. Haer met 00110 11110 1071110 0011100·
(110011, som 11011011111101101111 aff 10130 101111111εο tymae 1011110110,101101103300
00 011110 1101 wppas oller wp 11103100 00 011110 1101 01 11110 0110310 11011010110100
01310 1101 wp 1110310, 1101 0110310110110001301100111011110, 11101 111110 0110 som
00111101111101 01 1101113 00111010 01 0001, 00 00011101 1101 1113101 00103101111111
1101 00 1031 111110 00 0101 1131010101103100101, 0010101311111111031110 01101
01101 111101 01101 1113111011 101101 1101 01101 1011117110 01101 1110110010 1101, 1101

1111111110 1011110, 11101 0110 00110 1001100 31111 00 1101 10110 10111301 00 0110 0101110
1010 budh 01101 thy 0011111 111, 00 1010 0111111101, 110 101 111 001101 wpa synae

0110310, 00 11010 0101110111, som 101 0101113110. Worther 00 101101] 101101 111101
41

 

