110

1661166666, 111 1616116163 816-
6611 1661, 6.135.’ 11. 1161666
1111666, 1161616 1661, 6 131.

1661,1661,16611166,111. 161-
1166611116111113 1661, 6. 136.
11. 166113666 8616 1 8111113-
1611661661 6131.Ι 1161161661
11616113 1661 6139. 1111161-
6611611613 til 11161161 63 661-
mmmmm. '

. 166111666116311 3666116166 1661
6161.

166111111166 1661616616161 183,
181, 111, 119, 301, 306. 1
116136, 66 Christian 1616, 6111-
611111 81661161.

1661116666161611 1661616616161
163, 180-181, 181, 801-306.

16116, 116, 1611616 16111616
111611. 1117, T. 11. y

1161,111661,1116166, 1111616-
666, 6611611. 161616661661,
66 1166616166. 161661 111666-
11166666 1161, 6113. 111. 16-
661661 116111 1 1111161113 111.
1661 6136. 11616611 161661
1661 6. 138. 1636661 1331 1. 3.
1166661, 1166616616 116161613

. 16616118. 1161666616611611-
torp 13311. 8. 1161666161116-
1611611, 161161, 1377, 616.
11161661 11661613 1661 6111.
11161666 1 1116166 1661 s. 111.
11. 0161666 111 16111361 1661
6116. 16661661 1377, 661116.
11. 16661661 111 161616161 63
1116611611661 6135. 86116661
1 166616161 1178 1. 71.

11616166, 1666161613, 16611
8631, 16166 1161166, 110.

1166116616, 1118, 1, 71.

1166161, 11. 111616 1161661, 111
1111666611 63 11666161 1661,
6130.

1111616 35, 36, 10, 68. 116116·
1111616 10, 63, 66, 80, 81, 81.

« 16166661111616,66116361611611,
161361 11116. 8616611111616,
8166113, 18, 61, 71, 78, 85, 186,
191103, 1. 3-71, 1611636161,
18,10,11, 1. 1-7, 33, 31.
8161161661 18166113 631616161

101-107. 8166113616 86361 16316
6166116161611166111 176, 177,
103105.

166611 1161111611 177. 1116136
151.

161361, (16613166, 1161116161-
661 111 1111166161 63 11161 1661
6. 135. 0111161661 1116611166
1661 6138. 11161661116166661
11116 1661, 6119. 1111116661
11116616 1661 6138. 11. 161·
666 11181611 63 0116161, 116161
1 16166 161166 1661, 6131.
1161661111161661 6131. 11111-
66111616166166 1661 6. 1611.
11. 16661661 111 1661616611 63
11661161 1661 6131. 11. 16-
661661 1161161611166611 1661
6135. 111. 161661 1116161 1661
6131. 11. 1613111661 1 11611113
1661 6136. 161366661 1 1166-
1161113 1661 6111. 11. 161-
116661 111166 1111166111 6311-
161661661 6. 131. 111. 161116661
1616161 111 81666361 63 116116-
1111611 1661 6131. 16116611
816361 1661 6110. 11. 1166661
1161161613 111 1111616161 631161-
1611 1661 6131. 11. 1111111666
11116166, 1161616163 16611116
1661 6131. 111. 11161661 111
1166166 6316161611 61161 1133616161
63 1166616161 1661 6131. 11161·
661 181611611611131661 6. 113.
11161661, 1166611616 111161611661
1661 6118. 11. 16661666 111
1611113 63116161, 1161111161116
161166 1661, 6133. 166616611
1611613 1661 6112. 11. 166·
6166661 11111613 1661 6. 131.
1161666661 1 1661161113 1661
6111. 111. 86161661 1 1116166,
66116336.

1666, 11. 116616111116166661, 111
fils, 16111 63 0661161 1661,
6131.

1661616, 11. 1616 86161661, ,111
16116136 63 816661, 116161 1
3161616161161166 1660, 1661,
6111, 130.

1666 1616636116, 11116 8631,
11666113 1161166, 11, 65.

1666 (Sparte), Enevold‚ 1661,
6118. 11111, 116111116131513,
616. 1111, 1661, 6118. 16-
161166 1116166661, 661666, 611166,
1310, 6.11. 16161166, 1311,
1360, 6.16,17,11. 161361, 1661,
1111111616 6161 1163116166 1111
1690, 6111, 183. 11. 1163616,
111 8161111336616, 111111. 1618,
6111111.

1666 (11611, 1111, 1661, 6. 119.
11616, 61166116136616, 1611116·
1666, 016116116666666661, 81111-
16161136116161111616116111681,
1611611116 1 1166611166116 63
81666161616 1685, 6111-111,
113-160. 1611113, 1161661,
1661, 6. 118. 161366 (116116.
1611611116 6161 16166166 63
11611113 116161 1610, 6183.
1163616, 1161661, 1661, 6118.

1163616 116116661, 61 1161116·
36616, 68. 111616, 1661, 6118.

1666 1166111616166611, 0111611616
(eet 166161616166 1 81161661),
1360, 1116661 1377, 6111116.
(1111611611 1116166161616166611,
161661 1377, 61111.

161611, 16116, 1166611360, 611.

161, 11. 161661 1111161161 1661
6136.

161611116, 111611161661, T. 50.

16161661161611166166361661
173-78,

1111, 11661, 1611, 1111111616,
1360, 1377, 6111116.

1611, 11.1616161616611,11101616-
1161 1661, 6136. 16161, 1
16116361 1661, 6110.

1611611, 111611 8631, 1111161166.
1. 591 ·

666666666
1616161611616113-31.

1616161613 1318, 13, 3161,
113, 137. 11611616 61611,
1163616161 63 8611361166116161,
6611. 161361 1116116.

1616161613, 1616 16661661,
1166161 1 11661166 1661, 1111.

 

 

