11111111111, 1111111111, 296.
8151111111 282, 266, 269.

1111111111, 1111111111, 111
1111111111, 259, 281.

11111111111111,1111111111-
11111 152-156, 186, 229, 310,
818-317. 1111111111111111111
285. 8111111111 186, 187, 211,
211, 216-220; 1111811111111·
’11111111 218.

11111111111,11111,1569,187.

11111111, 11111111111,111111111
111111111111, 11111111 11 1111111
111111 1690, 1. 283.

1111111111, 111111, 1681, 1.115.

111111111 11111111 T. 58.

Religion, 11111111111111111-
1111111611111, 112.

1111111111, 811111111111 med
11111111111, 256, 259.

1111111111781.

11111111111, 11 1111111111-
1111111.

11111111111111 192, 193. Se
1111111 11111111, 1111111 111
81111111.

11111111111 111 88111111
102, 210, 217. 1111111 111, 211,
215. 1111. Christian Gersdorf.

8111111111111 197,-199, 287,
311, 811-316.

’ 111111, Jacob 11111111, 1111111111

1661, 1111.

111111, 111. 0111111 1111111111, 111
111111 11 111111111 1661, 1. 181.
111. 1111111111111 81111111, 111
1111111111, 111111 1111111111861,
1. 185. 01. 11011, 1111111. 1
11111 1861, 1120.

11111111111 11111111111 155.

1111111111, 11111111, 98105,
111. 01111111811111111111111,
111111 111111111111, 29, 33; 11
1111111 11111111 33, 81, 51,
61, 75, 88, 88, 98, 199, 196,
198, 115, 117. 1111111110111111
11111 11111111 111, 11112111
holdas, 11, 11. 011111 1111111111
1111111111111111111111111111.
11111 111111 111 11111111 10, 13.

1111111111, 1111111111, 23, 59.
11 11111111 11 8111111111 22,

62, 75, 77. 11 1111111 Prae·
11111 72. 111111111111111111
87, 98, 106, 115. 1111111111
1111 1111111111 28, 27, 51, 53, 60,
73, 76, 77, 85-87, 97-99,
105-107, 111-117.

1111111, 111. 11111, 11111111, 111
111111111 1661, 1182.

1111111111, 111. 1111111, 1101111-
mand 111 81111, 111 1151,
T. 69. 111. 1111111, 1163, Τ. 18.
11111111,ρ1181111,7.88,70. 1111-
1111, 1111 1122, 1171. lachim,
paa'Grnm 1183, Τ. 69, 71. 1111-
111, 1111- 11 111111111111 1670,
1. 201.

111111, 111. 81111111111, 111
1111111111 1661, 1. 132.

1111111111, 111.11111,,,11181. Cle·
11111, 11111111 1 111111 1880,
1861. 1. 122, 129,180.

1111, 11111111, 1 1111111111 1661,
1110.

11111111, 111111111111, 1877,
1. 25, 27.

11111 35, 123, 137, 823, Τ. 1, 25.
11111111 sagn, 81. 11111 8111,
1111111111 111111111117. 25.
8111111 11111111 1111111111
11 1111111111 Τ. 21, 25. 111111-
111 10. 111111811111. 21, 37.
1111111· 1, ’1, 9, 11, 15, 20, 21,
11, 1111, 11, 11, so. super-
11111111111 122, 120. 11111111
122, 129, Τ. 25, 71. 811111111-

11111111111, 11 11 11. 8111111111,
111111, 111111111111111, 11181111-
· 1111111111111, 21111111111111-

herred 1681, 1. 181. 11111 18,,

111111 1661, 1187.

11111111, 111. 1111111 81111111
1111111111 1661 1181.

1111111 11111111 52.

1111111 1111111111, 1111111111,
111111, 1111111111, 11111111,
11111181111111111111111. 111111
8111111111 118.

111111111111 11111111111111111
52, 118, 119.

1111111 1111 11 11111 3-5, 7,
8,13.

125

1111111 8111 31, 61, 75, 88, 100,
108,117.

1111111111111185, 188, 208, 216.
1111111111, 209-213.

111111111111111 1 811111, 11
111. 8111 81111.

111111111111 181181. 1111111
111, 220-222.

1111111111111111, 52, 118.

111111111 80, 83, 31, 12, 18, 17,
18, 50-55, 59-81, 09. 1111-
111111, 10, 28, 27, 31,11-18,
56, 57, 85, 68, 72-81, 83-89,
95-121, 128; 1111. 8111111111-
glum. 811111111111111111111111
1111111110 som Dommere 59.
som 01111111, 111111111011. 8111-
1111, 11, 15. 8111111, 81, 17,
56, 57, 81. 1111111, 81,18,17,
55-57, 61, 83, 81.

11111111111111111, 11111. 811111
Urne.

1111111111, 11 111. 1111111 1111-
111111.

11111111,111. 111111 1111111111, 111
1111111011111 1661, 1. 133.

11111, 111. 111111 8111111111, 1
11111111 11111 11111111 1111111
1661, 1131.

1111111111, 111111111111, 11111
11 8111111111, 1111111111 1, 11
2111 (11111, 11111111118111111.

11111111111 110.

11111111111, 0111111 11-
111111, 8111111 11111111 1680,
1061,1. 122, 129. 1111111111
11111111, 1111111111, 111111
1111111, 11111118111111111 1660,
-1881, 1122, 185.

1111111111 128138. 1111111186.
1111111111 111. 118118, 11111-
111111 1. 81111.

1111, 11111, 11111111 1661, 1 112. ,
11111111, clave, T. 68, 70.

1111111111, 1111111, 111111111
1681, 1. 139.

11111111, 11111, 1881, 111111111111
1876, 1129, 222, 226. 1111,
11111111, 1661,1. 129. 1111,
8111111, 16811122. 11111,
1660, 1.“ 122. 11111111, 11111111,

 

