259

de Veye 66 Emer, 666 66666 611 61113366161116116 66116666161661 11136 16116,
161161 1616 1611611136. 861611666116366,666116 16611366 oej 16116 Tjd 616 11166316,
1116111166 6166 166113 1616636, 16 6161 1661666166 16166 1166113161 til 1611666 61166
611616 666116 66 161611666 Andre til Veyenn Forfoerdigelee. 18. Med 66116 Ρ66116
66 661 1161611166 61166116 061666116611661661, 6666616661Ρ1666161616 66 6611611661·
denn0r1, 666 6661666 616 6111616, eller 06616, 666 661 Β66661163 616116, 6161 hand
16166 61166 66111113161666616, 61 16 161116 661 6611113611. vdj de 86361 1661116366
16166661661Ρ166666 61 til vinde 613 66361 6166616 beholdne oller 61 0616113161666,
06666611616161, Η6661161616 66 1661136 16116361666 Eyendom, 1616131116 , visne 66
1661666 Η6111316161 66116111316161, 61614 hannem 311616 166113116111661161661, 661661
66161616131616116116666 161 1161166 661 611 6611111113 Svar, 666 61116116 6161161-
111161111161611616163 j Fremtjden, om hand 161661 166611161 pne 6616 1161366, 66 66
161 ej 61661, 66616 1661 66611136616 8616165. 1163 6161, 1661 111113 Bekoetning 666

66666 Sagen· 3111116, 616116616666661616 ordre, 1661166 81131 661 Ρ166666666 Be·
gyndelee 6611111131 6161 66311616, 61 66116161166616116116661116611616116. 19. 01661
611666116Β16166, Forondninger 66 Β616116361, 666661 1116111166 666 8616116166, 16116-
16166 66 Audet kunde vedkomme 66 hannem 1116611116, 1111 hand 61 16116 6611113113
Β63, 6661111136 6611661611666 Successori 6161161661161661611616616661166616,
66 61161611111366 661 116616666661616 166666661616, udj hvis hannem 161116 661161
1161161666 66 1661611616 11661 616316 61 tiene til 661161611616161113113161661161·ι

16111631, 666661666 66 1611611 116316, 6166616 6116666113616 Β616116361 16161] Α66161
61 Alle 66 666166116161161 161161111111113 66 61166616116613616 0166166666, 66 666
1611111163 herudjnden desto 113113616 hand 1113666 66 161116 udj 361 66 6611111113
01166 66 861161, 61116 vj 616166611361, 611616 011166, Β16166 6611166166166116 Tie-
61616 66 1666Α661616666 6666616616616, 666 66166 fre 66 6611, 661168161161161 6116166 ·
j 1666 1166616166 66116 Vine Stetholder 66616661163668 61161 661161166166666161 til
1661616116111366, 61161 1136 1111661666166 36669. 1166 6161116666686661166116661

..- ,..-.-..-.,-..-.-...-.

¹ ,6666616661 11666161616 66 61116116611661661” 6161616111 Ι), E, F, 0,Η,Ι,Κ,1,11,0,Ρ63 Q· 1,,61
16 huldin 661 66111136“ 6663161 111. ³ ,,0666661161616”61616161110,Η,1,Κ,11,11,0,Ρ630. ⁴ 0‚P
63 6616161161 6666166 61. ο1166166 611111166161611 0, Ρ630 6661616610636116116111, 666 66611
6661666686361 1616166661, 66 16166 1616661366 6166116636611601116161661 16166616, 63 61161 16, 1616
111113 1616616163 666 66666 86361 3111116, 61 66116 1611661161 611161 hene Attest 16161116. ⁰M‚0,P 0ng
med 66116 81611161161, cancelli 63116616 (1661661. 71166166 61 11111166 61616161110,Ρ630. 8,,61161
66 j 1666 1166616166 - 1611616361 61 6161611 i M. ⁰ 1166166 61 1111111611 lydor 1 1), E, F‚G= 1166 66161
1166666 ndj 16616161616616116613616 866616616661 111161 leveris 111 1661666166, 666 61161 3166113 engen
Informan'on 613 16166616166161 61611616 66 (lennem 666111 66116 81611161161, (1611661116 61161 06166161 061·
16316 ester 863666 36661616616116166616, 61 16 66 16166 1116111616 vorin 61161666ᾶὶ3616 1166616166 61161-
6616116613611661 16161616, 66 611616 6111616 666 1616616166116116616166616616166116666616 refereris,
61161 hand 111 16166616 166616 816161 6111616 66 16166 66116 6116666113616 01116 6166116. 11,1,K‚n,n1=
1166 61161 11166666 udj 166161 61166616116613616 8666161666 111161 1666116111 1661666166, 666 611161
3166113 1636616161661166 613 1616661666161 61116116 63 166666 666111 66 6611 ellemnderdnniget indnende.

83¹¹

 

