100

‘ 1111 1111111111, 1111.
11.(1111181111111111, 1 6111111
1661, 1. 116. 11. 1111, 1 111-
11113, 1111111 1111111 1111111
1661, 1. 131. 11111111, 11111111-
11111860, 1661, 1118, 111.
11), 1111111661, 1. 131. 11. 1111
11111111, 111 Boram og Lyngby
1661, 1116. 11. 1111, 111
11111111 1661, 1. 136. 11. 111111,
l 1611111111111 1661, 1. 133.
111111111611111111111, 111 8111111111
1111111111 1661, 1. 136. 11.
1111111 11111111, 1111111111 og
11111 1661, 1. 135.

¹ ” ’ 1111111111,11111111.

1111111111, 1111111, 11111111,

6111111111111111 6111, 61111

111111, T. 11.
, 11111,11. 11111111, 1116111111

1111111 1661, 1131. Jacob, 1Ἰ

111111111 1601, 1.,110.

11111,1111111, 1111111360, 111.
angerus, 11111111 1311, 11511.
11111111111, 1 1111111 1661,
11111011,1111111111 1111, 111-

1111111 8111111 1661, 1. 111.

111111, vilhelm, 1111111 1661,
1136.

11135, 36, 58, 16, 19-88, 81,
113, 131, 133, 111, 111, T. 8.
8111111111131111111, 11 11. 111-
111118111111, 11. 11111111] 0111
1. Winterfeld.

111111111111,11111111, 111111
11111111 1513, s. 56.

11111111, 11111 maa raengsles
111 1111111111, 3, 5, 1, 10,
13, 18,11,59,13. 113111 god
1111111111 raengsles 1111 111-
111111111, 85, 91, 105, 111.

11111111 113-115, 150, 383.

1111111111, 11111111 1111111111
11111 eget, 156,118-180. 111111
6111111 111111111111111 11111
11111111, 151. 11111111111111-
1111 11111111 1111 111 hans
111111 1111 1111111111 151.
1111111111 111111 118.

huningen Bygning 300.

11111, 11111111111, T. 13.

11111111, 11. 11111111111111111, 111
1111111111, 1111111111 Ravnstrup
1661, 1131.

161111111111 111.

1111111, 1111, 1 11111 1861,
1131.

611111, 6111111111, 0111111111-
1111111 1661, 1. 165, 166,
115. 11. 1111111111 111, 11111-
11111 111111111111 og 61111
111111 1690, 1. 193.

Gabriel, 11.(111111111111111 1.. 111
1111111 og 111111, 111111 1 1111
111111 1661, 1. 131.

611,11. 1111111111111, 1111111111
og 111111 1111, 1111.

611111 159, 169, 161.

61311, 1111, 1861, 1119. 111-
1111111, 1311, 1. 15, 11.

61111, 111, 61111111 11 8111111
1316, 1311, 111-86. 1111.
111111 111111 11 11111111.

6111116111111 1 1111111111 1661
1131.

61111, 11. 61111, 11. 1. 11. 1183,
116.

61111111, 11. 1111 1111111111,
111 11111111, 8111111 og ovdrup,
111111 1611111111 1661, 1. 131.

6111, 1111111, 1316, 1. 15. 611111,
1661,1.119.

6111111, 11. 61111 11111111,
1331, 131. ,

6111111111111, 1.11,15. 11111·
1111161111,11111111111111, 11111
1 11111111, 111111111 1111111

61111111111111,11]11111111,01111
Sogn, 111111111111111, T. 11.

611111, 111 111. 111111, holder
vagt 1111111111111,119. 111
1111 1111111, 315.

6111111, 11111111, 1111111111 1
1111111 1661, 1. 111.

61111, 1111111111 1 1111111 1183,
, 116. 11. 1111111111, 1161111111.
1111. 6111. ι

61111, Β1111111.(0111111111111111-
mand) 1011, 1.119,115. 1111,
1661, muhammad, 1111-
111111111, 1111111111 1111111111-
1111111 1685, 1111 6111116111,

111111111111111 1610. 1. 119,
160, 186. 01111111111111111,
111. 111111111618,111111 1660,
1110-111.

11111111, 1111111 1111, 11111.

61111111111111111, 1111 eget
111. 1111111, 1111 Archiv 1111
1111118111, 111, 118.

61111111111111111 115, 111.

61111111-11111- og 11111111-81-
11111111 116-118. 01111, 135,
611111111111111111111111,116111-
1111111.

61111113111111 1111111111 6, 1,
9-11,11, 18, 11, 11, 11, 18,
51,.11, 51, 58, 11, 11; 1111. 95,
96, 103, 111, 113, 111, 610.
611111111111 1111 11 11111111-
11111111111111111, 11, 11

6111111118.

61111111111111111111111 op·
1111111119.

6111111111111 196. 1111111111
110. 11111111,116-118. 11111111,
11111 11111111, 110-113. 1111.
111111.

61111111111111111111111111
191.

6111111111111111 111 Kam-
mercolleglum 151, 195, 196, 315.
11111111111 165-161, 110-
111. 1111.Ρ11118111111111,111111
1111111.

6111111111, 11. 1111 11111111,
11 1111111 1861, 1. 131.

6111311111, 193, 315. 1111. “
1111311.

6111,11. 11111111111161, 1513,
1. 51.

61111111, 6111, V, 61111 11
1111111, 15. 11, 6111111111·
1111, 1111111 1118111111, 1.5, 1, 33.
6111111 0111111111 1111113.
11111 11111111, 116111111111111.
11. 6111111111 111 1111111111,
11111111 81111111 1661, 1. 135.

611111, 11. 1111111 1111111111, 1
81111111 1661, 1. 136.

61111111, 6111111111, 111 61111-
31111, 11111111111111161111111,
1111111111613,1111111111111
1111 1111 1690, 1111111115,

 

