212 ’

01110100 00101 00 10011111001110000 0100110110 81010101 1111111110 1011000010 10100, 01111

’ · 1011001 1101101110001, 00 ey uden 101100010111011101010,0110110011001010οΒ0010

 

10101 000111 00110 111Ηο10100 1110010 Ηο111110101010101 101101 10 11011101000101,
11011001 00 Β1ὅο010101 111 1111101011 101 00110 Ηο110 00 0001100100 0000010010 000
1000110101118101010010101010101000111010000101011111101 11001. 7. Med Hol-
mens Biugninger 000111 811000110010100 00 10 nye Boedsr 00101 1101110 11ίοοΑ1101101
10100 00011000001100, 0110 ey 101101101, 10000 10111100 heldes 00 Τ11011101 00100
saeuit mueligt effter 1011000000101101110101100 101101110, 00 0101100110 01 001010οΒοο101
0110000 Αο100 0100 0110110 8101010010, 01100101 00 Βο01010101 1101101 101001, 00
0111100110000111 10 011010 00 100110011101010 101111 1010000 00100· 8. Woris Rigs
Admirsl 0010110011101000 wisz 0010110110100 01100101 0110110 see 110101 10101100
00 1001110, 0010 0101 Ηο01000 0011001οο 1010601011 1000001100 10100 1001. 00 0000010
10110 Ρο10011001, Βο10010001010 0011001 herudj 810100 000 1110010 001110 Ρο000 01 00
010101101011010 10010100 101000 8111011000 10000, 00000101 00 same forbemte Offi-
0010111110 00 000110100οηἀο 1010101 10100, 0111010100 01101111 psa voris 8111110100
. 1111111000 00 101 111100110010, 000 01 001 00 10 0111010 01100 81110 0-101101101 kunde
passere, 000110οθ0 1 Sserdeellished herudj Ηο01000 10110001 heller skiuder Βο11001, ey
heller 00100 Ursenlighed 01 deris Skiberom'me 01100101, mens 0180011101 scheer 000
10 1111010110010 810101. 9. 110110 11100 11101101 0100 1010 1011010100 110110 special
sehrifftlig 01101 00 0010110100011001Τ1110101000 11101010 00110 811101001100 (0011010
00000), 10010 10 00 kunde 11111110, 1101 1011οΗ01111, 10101000, Ρ10110011000 00 Β1ὃο010
01 0011000 101 0111011010, 1011111010, 10001010 heller eqvipere‚ 1010 101101 01110000 Ms-
terislier 01 Μο0101, Temos, Plsneker, 1)01101, 1010, Το00 Werek eller 00001 Αο101, 01
-10011101010100100001010, 0001Ι 111 10110 Helm 00 81001010 1010110010101 1101101 ·
10111111,11100000 1101010010 heller Andre selges eller 101110000οο, 01000 0110000 111

10110 0000 Β100001100100 00 01 ingen lelsst Prsmme 00 000101 1101 Ηο11000 101-

10001 Βο11001 101 00000 001011 811101010ιο0 001 10110 01000, 1 10010 10 00 100000111- -
v 1110, 01011010110 01 101 00000 00011001, 0001 0101100 1101 8110101100, 8001001 10110001

1101101. 10. Alle 1011081110, 00110101,100101 00 00101 10111110, 01010 heller 01000, 0001

1010 udj Esqudrer 01101 110010 010001, mens 1011010 001100111001101110 0110100110

101101010001 110 10110 Helm udredes, 0101 011000 0111111100 8110 Passer, 0010 110110

111100 11101101 01100110 00101 underskrlfue 00 med weris 111 01011101110101 01100 801001

101001010. Mens huis 1001100110001 10 1011110 10010 000100 10110 1101101110 00 00100

10001100 00 ey 011000 01101011111011011010100010000001110, (1010101 1011011010 00000101

· 101100000οἀ0 3110010 010 00110 011100 1011001101 01. 1111101 1011010 10110 81110 Os-
· 01101001,Ι10010000101,801100010 00 Andre, som 000 00100 10111110 0010100010101, 010
udj 0110 Μο0101 00101 10110 00 10110110, 00 011οκ 011101 10110111101101110 000000010

 

