.180

8818, 888111 Α11 11881 18111881 111388 881 8118118181, 83 181 1 bemto 18111 (1881881818
83 Viee cantualem, 188 1811818 83 88118 18118 88118188 Redde Ρ8811111, 88 88388
1181188 kunde 11818 81 18811113831181, 818188118 Μ888183 83 8818818183 18188 81 111118
kunde 1181111888, 83 11881 wi 181 188 1188181818188188111181181, 1181188888 18111
888181818181Ρ8888811118111388 18118118 83 1811811138 1818, 83 helles 181 111 meere
8181181181 Skyld, 11811Β181118, 888 18 81 1881 1113831181 81 111818 8183181,111188118
188888 88111 118181111118881188 18118183381, fust udj collegio, 11881 18 888 118818
188818 [1838 181, 188 1818188111, 818 1888881818,881811113188888 1888, 888 181
818881 1811188881838838188838831188 1118818818· 88883 81811181181, wi 18
111188 181 1111818 Beszuaering 83 0118811811 8111 18888 883 11881 18818 8881811818183
181 1811181 8818113 1811111188. 7. Wi wille 83 118818 18111 01181 8888181818 tilde
0881881181181118888818 8838188188111188 118188 118818 naga, 88888113 08818388,
8811818388 83 81818388, 88 88181118388 118 Klooken nj til 8118188, 811888811311
118188 1181188183 1818111181, 888 11811118 811181 18 8111811388 1181881 81 8818118 831
388188181111811 81 hasne, 118818 huie 181811111181811111118183 skal 1811111111, 1881818881
83 huin 88381 88 88188 11181 refereris 8388181111, 188 1118 8811811838 18118 1881 181·
11138 88381 ville bemdyeu wiidere, 8111 huis 111 818181 8181 188888 kunde 1181818 81
18118118, 81181 831818818181 888 88838818 Nddwendighed ey 1883818 8811181183 11881
11118. 8. 888 83811818818 81318118818811883111181111110881888818 18118888818
Expeditioner 1181118 11188118 113, 8311881 81 Skatkammeret skuldo 8118111381, 888 11118
vj 83, 811811188188111 1811181, indtil vj anderledis tileiigendis 181181, 81181 1811111188,
83 181181, 888188 11 111118, atelle 88881188888811118118 111 88188 1881 8888 81181 188
auden 81 118811 18111 188818 01181 88818181818 8188118188111 83 81 1888818 81 1111111113
88181188 81188, 188 wille wi 83, 81 8881118381 8188888881 Vedkommende 1888181181,
181 18 18111 111 bemte 8118118888118111181183 1881118111 81181 83 udj 18111 811181-
8118818 888 Sketkemmeret 18111 8818818188 88 8188888111, 888 181 18 18111 Be·

* tenckende 831181811818183 181881 111181 kunde 31188, 83 8818118 1818188888888

Expedition 1111181, 181 18188888 18118118 1181811138 01118 83 Μ111118 81 (1881881181
1181181 11818181, 1188118111 83 888 11881 Mende wi det 1811188181131181 ville 1181118
1181811181. Η8ἰ8 83 helles kunde 1811818118, 888 18 88118 (18118318 kunde 1811118888,
skal 83 18111 8111181183 83 Betenekende 18181 181 81881 181888811, 181881 18181 18111
(18818888 8811811388 1181181 8118818181. 9. 11811 888118181 188 udj (1881881181 888 881
181 1188188118 Expeditioner 1881811811111188818 1181111 Domme 11881 18118, 1118118 1181-
811181 11881 81811183 181 188118 udj 18811138 Ρ81181, 11881 81 18111 1188188181 111811 118188
888, 11188 088188181 888, 118338 0181888181818188 18, huer 888, 83 18 18 811818
08818811888818181818 118338111188888 888, 183118118118108818811888118118188 83188111
8181188188 181 181 8188, 1181118 881818811888 111118181818111181881, 1188111881 (18818888
8818811888 11818 1131138 83 8188881138 8111118818 83 1188111181 skal 111888 83 under·

 

