324

6116166 616 1161616161 kunde 6616, 161 hannem 611611666 Β61166116 6166166 66 anvi·
611166 1-16111111611616 61166, 1161611161 16 16116161 611161666, 163161616 66 61661616, 66
1161661111661 116116 66116166 113113 6166111161 66 161161161, 16161 6166161361 16 Τ61·
166, 66161161166 1661 11611666 611161 Told 16161161636662166Ρ661 161 16 *11611166-
16616 61 1616 21116111] 1691, 1661 1616116 Vedkommende det 6611661 til Fortolding
111611113661166 6111616116 6631661, 1611611666 161 06666661166 61 66616111, 16666 1616

1161161616 Vahre som 1166166161 116166 66 16116 11311316611666161166061161611166 ’

61616616161611, 61161 6616 66666166161 66 1616116666616 1611611166 61 61161116
611161 66116 allemand. 66166 611616616 11366366 61161 16161161 1136661116 1161611616361
om Told 660666161116668113. 11. 11661 163611 1161616616 1111616111 16166666161, 661161
16116 (1616 661 (1166116 ’161161616166 1616613161, 66 6111616666 61166 1 16116 Β6116611616
016616616166 161 666 Κ111661611116 Γ16111661 61161, om 16 16116316161, 1 16116 111666.
18. 061611616, voris 116111111661 66611661, 1666 1666 1111136 1661 Μ6316116166 1666 66
16616166 161Ρ611666 1 16 616161, 6611116116 616 1616661616, 16166116 1161631616 16616
1611611311636166. 19. Consumptionen 6616616666 61 Η116116 fra 1166116616 8166-
161111Β61116316161 16661611 661666 1111616361 6666116136 66 16161366 16161 'Pol-
den, 1136 6661 161161166 16166161 16166161 161613661. 20. Huis 66116116111111661
66 11666 Α11616361 med een 61161 661611 1611616111161, 16116666661 663666616, 6166
66111666 666 1 11116 Ρ6ρὶἰ1 661 6116 1161161161 361113 63166. 21. An 3666616 Con-
sumptionen 61 Wiin, salt 66 ’16166116661611 1166166161, 1616616116 vj allernaadt
61 61161 161111116 661 166 6116166611361 til voris 1161111 11661 161616 31166 16611611 61
1616 20061611. Ao. 1691, 16311316166 under Ε61 6161111166 611116, 6616 616166 61
hannem 66 1666 Α11616361 611161 11666 61161161361116 Postera 1616611163, 66 066616166-
166 661616611616366 6161166 6116166116 611616661. 61366366 (1666161116661616116163
661 Wiin, salt 66 Toback 61 1616 21 Februarij 1692. 22. Med consumptionem Oppe-
16166161 16 66116 Vahre udj voris kongl. 116611661 6161 Κ16161116116 (Wiin‚ 8611 66
Το1661116116366),116116161661 661163666161 til 11661611]Ι 1692 skal 6116336, 116
111161166Τίἰά 16613166 61161 1636616 6166366 66 1111136 med Consumtionen 61 111116,
8116616161 16161 Tolden 1116, 61116 vj 6161166161 61161 16111166 661 1661666661
61616661. 161661 31166 1661116666 61 1616 31 1661611] 1690 661661 111316 161611616361
61 1616 31 1661611] 16903 6161 1113111166 1611111161 161 66 611161 11666 666111136616 Po-
616161616611163. 066616166166 61161 66 61166 611161 66116 6116166611 61366366 Con-
616111666 1616116163 61 1616 13 Octobr. 1688 6616 6116111661. Μ61616116661, vj derudj
allernaadt 31611 161661. 23. 06 som 66116116111611661 66 616616113 1116611 1111666

66 hans 1111616361161161661161661161116 066616166161 611161 hans 161616 11166 61161-
1116111161311116 F 6161613 61 1616 1816 06661611. 1691, 661116] 611616661136116111661-
16361 66 6661616161, 611616616116111361161 16661 under Ε61 61 61616 63 61661661 661113
161 1161 11611616 66 116 116661611111161161 611161 616 60616616111111 66 161616 31166

 

