106

8616616111616 6186111111 1661,

· 1. 130.

66161, 6111116, 169. 0111-
11111, 111 6611111611. 11. 11. 1596,
1. 103, 109. (1161 Christian
8111116661, 1661, 1. 119. 61161,
1661, 1. 119. 0161 6161111111,
01 0161111116, 16161116 6161
1111611 1111611161 116161 1691,
1. 111. 6111111, 1611, 118.
(1161 1161111 611161, 1661, 1.

66161911, 6611616161 6161611-
166 1316, 16 6161161. 61016-

1611161 1513, 16 0611116 61.

116111161 1613, 16 0611, 111.
86161161 111 11661166 6101111-
161 1661 1.133.ξ

6661611116, 16 11611161.

6666166116 55, 165.

66111, 61. 116616161161, 1111611
1661, 1136.

1161161161), 61. 161116616161
6111111, 1111161161 6116111111

’ 16611136.

6616611116, 0111111 8611,
61111161 661166, 306.

6611161, 6166611611, 16 616-
1611111,

11616161, 1616116, 6111661161166

86611161 1613, 1. 113.
116111, 61 161111166161, 111116
1661, 1. 131. 61. 1161161 16-

161161, 1 ’1116 1661, 1. 131.

661116116 116.

661116111611, 161161616111.

11611161 16, 11, 61, 13,11. 86,
103. 6611116161 1, 133. 8111-
1616611, 1116-101.

66166111, 8111, 1660, 016116116-
1161161 1661, 1. 111, 111, 161
-166,

666, 0116 66, 111161 1360, 1. 11.

66116118611, 6116611161 661166,
1111161.

66116161, 61. 1111161 16661161,
16 811611 1661, 1. 131.

6611, 6161, 1 6111161 1661, 1.
111.

6611611611,6111,1116111661661,
1131.

6611616161, 61. severinus

11111, 1 66111111161166 1661,
1133.

6611611 80, 31, 113, 139.

661111111, 11661, 166161616611-
16116 1 616611161 1119, T. 13.

66116111,6611116,1101111161
0161161161, 111 6161116, 116111
1 1116161 1161116 1661, 1. 131.

6611616, 61. 16661 16661161,
111 11111, 611 61 8611161161 1661,
1136.

66116166, 661 1611 1166 6111166
61 11111111 116 66116166, 6111
1116116166, 51.

6611111161 111, 115,181, 369,
316.

66166161161111166 81, 93,
101, 116.

661111, 61. 16116116111161, 1
8166111111, 116111 1 61111116
661166 1661, 1. 130.

6611661161, 6611611, 1111611,
33, 63, 166, 168, 111, 118.
1111. 1161611 0166, 611611111-
6611611, 0111116661 1111616611,
6611111 1111616.

66161, 1161611, Τ. 18.

616111 8116161161, 8111611616 1
61661 111111161161811161 1661,
1. 113.

6611116, 61. 611161111161161,
111111116161 6116611666 1661,
1. 131. 61. 16610111161161,
111 61111116 1661, 1131. 61.
16661 6111161161, til 661161-
1161, 116111 1 (1166616666
1661, 1. 131. 61. 1116161 0111-
1161161, 111 11611616166111111
1661, 1136.

66616161, 16116661, 6111111 1
61661661 1611, 1. 19, 61.

661616, 16611611, 311.

6166611161161, 16116161,
616661 1366, 1. 11.

6611611, 016, 6116111616611-
161 1511, 111.

1111, 11111616,11161116 10111-
101111 1661, 1. 111. f
6111 (1661111111), 1616, 16 6111
1613, 1631, 166, 66, 81. 111.
1611661, 1369, 1. 11. 16661,

= 1311, 1. 15, 27.

6111 (6611611116), 1166111666·
161, 6616111661 811111161 1661,
1118. 61.111611161161161,1
111 1661, 1. 131.

1116616116, 66116 8611, 816111
661166, 110.

6161111, 61. (6116 6116111161,
111 61611111, 11116161 61 6611-
1611, 1161111616161166 1661,
1. 136.

61161166, 16111161, 611611 1
6116611161, 1161666161, T. 68.

6116, 1111111, 16661, 1161111
1366111.

6116, 1111111, 111. 1611 6111-
1166161, 111 661111 61 611161
1631, 1. 133.

111166, 61. 116611 0116161, 1316,
1311, 111, 16. 16161161 0116-

161, 1311, 1. 15. 61. 111-
1611 0116161 (11, 1311, 116,
16. 61. 861116611161, 1360,
110.

61161666, 616116 8611, 86161
661166, 95.

6111661611, ’11111111 8611 61
661116, T. 11.

6111116111 613, 11.

61111616, 11116, 111 0666111611,
1). 11. 1111111161 1596, 1. 103,
109. 16116, 1661, 1116.

1111611661 61616616 111.

11161611, 6616111, 61161,
’ 6111 8611, 6116611161 661166,

1111111211 16, 161, 116, 111.

’ 111116, pedor, 1111, 11.

6111111116111, 661111161-
1611111111.

11611611, 6666, 1611611360,
111.

6611111161 11616116 10, 11, 11,
66, 63, 11, 35.

1111116111 1, 9, 13, 13, 63, 18.

6616 pua 0661 61, 16.

661, 66611, 11661, 66, 1360,
1311, 111, 16, 16. 6111, 1661,
1. 119. 61. 1611, 111 11111611,
66161616, 61111- 61 1610111116,
666161161661 1 116116 1681, 1.
133-111. 1161611, 1660, 1.
111. 61. 111611, D. 1111. 1513,

 

