120

1111111111111111116611133. l 11111121, 28-10,16-61,83, 111111111111111,1111111111-

111. 11111111 111 11111 aliar i
1111111111111 s. 111. 11111- ¹
1111111111111, 1111111111. 111.
interuenit.. 1111111111. Pe-
111111 11111111 1661 1. 139. ,
111. 11111111 11111111, 911111
1 11111111 herred 1661, 1. 133.
111. 1111111 1 1111111111 111111.
11111111111111 11111111111661,
1. 133. 111. 1111111111111111111-
1111 1111111111 1661 1. 135.
11111111111111111111161 1110. Ι
1111111111111111111111111111517,
Τ. 50. 811111111 1111111111,
011111111, 1661, 1139. 81111-
111, 1111111111. 8111111111
1661, 1111111. 111. 811111111
81111111] 11 11111111 1661
1. 130. 111 81111111 18111111
1161 s. 131. 81111111 11111111-
hro 1661 s. 110. 811111111
8111111161 1111. Thnmesen
1377, 11 Lange. ’1111111111
011111129117. 111. 711111111
11171111, 911111 1111111111
2111111 1661, aliti. ’111111111-
111, 1111111 1377 (en 11111111
1111111111 11111 11111 1111 1
saisiant), s. 25, 21. 111111111-
111 1 1111111111111, 111111 1
1111111111111111 1661, 1. 116.
’111111 (81]11111111111111 1360,
1111111 1377, 1. 21, 25, 26. 7111-
111 1 1111111 1611 1. 112.
01111111, 11111111 1 1111111111
1118, 1151, Τ. 21, 26. vincentii,
11 Lange. 11111111, 11111111
1111111111 1120, 1113, Τ. 13,
11, 21.
1111111711111111111 1 8111111-
11111 811111 isat 1. 119.

11 111, 1118111101111111111, 111
11111 ng 01111111661, a. 136.
1111111111, 11111111111111, 1 Vi-
1111 11611139.

Nais, 111111, 1 11111111 1160,
1123.

11111111111 118, 271. 1111-
111111111111101111, Christian
111111 Peter 711111.
11111111111721.

81, 108, 110, 113-118, 151,
tan-272, 302„ 11111111 168,
239, 273, 319. 1111111 239, 273,
319. 7111111111 322. 71111111-
handel 168, 239. instruatur
1111111111 253-260, 272-271.
1111111111111111, 11 1111111111111,
Christian 1111, 111111111 7111-
1111. 1111111 111 (1111111111-
11111111111211, 215. 1111111-
11111 315. 111111111111111111
169, 170; 111 01111111111111
lio-iii. 1111111111 11111-
11111111, 1 Christiania, 210, 250,
tan 1111111 111111 207; 1111
1111111111 1111 011111111111
250,252; 1111111111111111111207.
11111111, 1101181111. 111111-
111 213. 1111111111111111 118,
172, 211211, 300. 0111111111
1731-175, 272; 1111111111111
219-253; 1111811111 1111111-
111111 iChristiania 250, 252;
1111011111 250, 2511110111-
stantuna, Christian 8111111111
11111111111111 1181111111 250·-
252; 8111 11 caussas 252.
8111111111 uvir. 111111 11111-
111 1111111111, hiel 611111-
1111111, 1111 1111111, Hannibal
81111111, 1111117111111 118, 207,
239, 210, 250, 253, 219, 271,
30ος 1111 1111111 111-169,
172, 173; 11118111 211252.
8111111111111111111 1111111 211
’211,318-321. vicestathoidar
(jair. 111. 1111 1111) toi, 250,
2591 1111 instrata 238-211.

1111111111,11111111111111111, til
1111-1101111111111661, 1130.

11111111, 11 iohannes 111111,
Theodericus 11111111, 'ihomas
iinppa, hinricus 111111, Petrus
iohannis, Matthias 811111, Si-

’ 1111111 conradi.

Nyhnrg 5, 7, 9, 10, 18, 19, 23,
25, 27, 123, 111, 189. 811111-
1111321. 1111111 1171111111
1111111111, 11111111 81111111,
6111 1111111111 111111, 1111 111-
1111111111.

hilda 1311, 1.16,17.

111111, 1111118111, 1111111111,
t. 59.

111111 1111111167.

11111111111111111111 123, 112,
199. 1111111111, 1111111111
1111111 1111111. Pan 11111 111.
1011111111123, 138, 139.

1111111 35, 17, 51. 1111111111.

1111111112.

11111111, 111111111111111111, 21.

11111111 75, 86,87,98,106,115.

1111111111111, 111111 8111,
(11111111 1111111, 120.

11111111, 7111118111, 01111
1111111, 120.

0111· 11 Gabiniana-litata·
8111111111 235.

0111111111111 1111111111111111.

01111111111111111 231, 232.

0111111111111111111 235.

011111111111111111111111 293
-291, 11111111111111111111.

011111111111181, 190.

0111111111111, 0111111111-
skalk, 193, 195, 235, 237.

0111111111111111258,310,311,
311, 316, 317. 1111111111
11111, Christoirar Gahei, Stan
11111111.

0111111302.

0111111111111 111 1111111111
177-180, 221, 223. 8111111111
Schuit.

Oherskjankogohersta'id·
1111111, 193,195,235.

011111111111111212, 263, 270.
11111111 tas-230. 1111. Pater
111111.

0111111111, 1111111111 8111, ,
111111111111111, 103.

0111 711111111111, 1111111111-
mand ai hyra synai„ 1662,
1119.

011111111135, 36..

0111, lachim, 11111111111111111
Stiit, 1517, 1521, Τ. 52, 58.

01111111, 1111111111111111
11 8111, 1111111111 1111111,
’1.7, 66, 72.

 

