112

66666161666. 16166661661616666
261, 265, 268, 287, 288. 16661-
66661 266, 309. 6166661661153.
11166666 181, 212, 211, 265.
1666166166661 210, 212, 261,
263, 265-268. 31166666666666
666 161, 66166166, 6166-
16666 236, 237. 1166661666 166
8161161167. 1616666 323, 321.
16166661 153, 185, 186, 210,
212, 261, 265, 266, 268. 1161-
6666116161 53, 61, 18, 122, 121,
129. 666166666666666616616
116616.

11666166161666 61, 123, 121.

11666123, 131.

11611666161666 6661161161 133,
237.

111616, 1166616666666, 11666
1660, 1661, 6123, 136.

11166, 116. 16666 11161666, 666
bland 6666, s. 135.

111666, 1161666 86666666, 111

’ 116666 66 866666 1661, 6136.

Ἰ1116166 8666, 16661611 1166666,
1. 26, 68.

1166116. 1666 11161666, 111 8166-
ring og 616116666 1661, 6135.

1166166 maa 61 66666666 med
11666 58.

16666, 116111616016616166666, 111
1161666 66 8616666 1661, 6131.

16666666 6666666 66.

16661, 166616, 1166161, 6666-
6166666666,6661666661816666666
1685, 6260. 116116616111166661-
6666666, 111 6166166166666 66
6666661661, 6131. 116. 111616
111666616666666, 111 616166 66
1166666166 1661, 6131.

11666, 1661, 11166 1116166166
1337, 6. 31. 66661666 1 Ny·
1166166 6. 61. 1661 6111.
16116666, 166666 1311, 6. 25, 21.
1161611666 111061666 og 011166
1661 6131. 116. 1666666 11. 111
1116616661, 1166 6611666 1661
6135. 1666116666, 66 061666-
6116666. 16666666, 6611166166-
6666. 116.166666 111 8616666
66 866661 1661 6131. 16616-
666, 66 66666. 116. 0161666 11.

1111116666, 6161666 61166 116666666
1661, 6133. 16. 0161666 1. 111
861666166, 11666166 66 166661
1661 6131. 1616661666 1
6666666666 1661 6133. 81-
6666666 11666666 1661 6139.
’166616εό6, 6611666. 1161666·
666 6. 111 611166 66 16161666
16616136.
166661666, 0666 1166666, 103.
16616, 116. 66666 16616, 6661-
66666 6666 11666666666 6661
1690, 6283. 16666111616161166,
66166666 66661666661166666 66
16666666 666166 1690, 6. 283.
16616666666, 66 66666661.
16611, 1666, 1116161666 8666,
166616661166666, T. 66, 71, 12.
1666, 666666 11,, 116661666666
16661661, 6123138. 1666166,
1 116616661661, 6131. 116166-
66611, 111 1166616666116611661

’ 1661, 6133.

116166, 116. 16666 166666666, 1
61661661666816161661661, 6131.

1666661, 1611666666, 1166166
8666 66 1166666, 05. ι

161166, 11661666 8666 66 1166666,
T. 66.

1616, 6611616616.

1616166 123, 139, 323. 0666-
6666661166166 1. 7. 1616166666
10. 1616166666 6661666666, 66
8. C. Schwartz.

1616166, 116. 1666166666666,
111866611661, 6131. 1161666
16661666, 1116661666 1661, 6133.

161166666166, 666666 11161666,
11666666 1661, 6139.

166616616666118.

1666611, 16661666116 61.

166666616, 666616666 61616666
111, 36-10, 12, 18. 1161666661
1116666 11666 66 6666166616·
6666 9, 11, 21, 35-31, 12, 13,
60, 61, 60, 69,11,80; 6111166-
66666181, 101; 61 1116666 11666
og 6161 108-2111. 66666 66

· 66 61 1666666 866666 28, 36.

161111, 60, 61, 66, 69, 70, 71,
80, 81, 80, 101, 102, 108110,
’ 111, 118. 6166666 16666 16666,

Ι66666 66666 61661666, 61661166
1666 16616 61 66666 66161, 13.

1666666116 51.

16666661, 66 16666666.

16666, Thomas, 1166161 11666-
6666666 81111, 66. 6661. 66166166
1521, Τ. 51.

166 66666611666166, 1611166115.

166666 138. 6666166666, 66 661-
6666166. ’

1661, 116. 16666666 1166166 111
816116166 66 86166 1661 6130.
1616. 06666666.

166666, 01666,166661116666 1616,
6. 222. 16111116661666161111.Ι ·
1569, 605. 6666666111166166-
1666, 111111. 1618, 6.120,121.
1666, 66 1166666666, 6. 6. 6. 6666,
605. 1666,16666666,1661,6. 128.
1161666, 1666666, 111 166661666
1660, 81616616661116666, 66-
666666 1 66116616 616166, 66-
161166666666 6666 666666666 166
1661, 6122, 128, 161-163.
16666 61166 0166, 111 (1616666666
1623, 6. 65, 66. 116. 0116, 111
116166666666, 116166666, 81111-
66161166666666 1 8161666. 6661-

’ mand 6666 66611166 66 161666-

66166 666166 1600, 6. 306-309.
1666, 1666666, 1660, 1661, 6. 122,
129. 116. 1166, 111111. 1513,
[1. R. 616661 1523, 1536, 6. 56,
65, 89.

166166,11666,11.11.11. 1523, 666.
0116, 1661, 6129.

1666 (6661661661), 1611, 1660,
06666666616161661, 06661666- 66
666661116666 1670, 6. 122, 125,
129, 161, 175, 118. 11616 66
6166666, 1660, 1661, 6122128.
0116, 1611. 11. 1660, 1661, 6122,
128. 066, 1661, 6115.

166616666661166), 166666661666·
666, 111 166166 1661, 6. 131.
116. 0166666 1666666, 111 166166-
611666166666111661161661, 6132.
11616661666666, 111116666 1661,
6132. 1611161611, 1 816661-
herred 1661, 6132. ’116. 0161
166666, 111 16666166661166 1661,
6136.

 

