lev 3616611616 1111. 1151, T. 30,

63, 11. ’

31616 116166111661, 311161166-
666, 313611661, 3616116616111
16616135. 31161366166666,
111 1616161 66 1661611166666161
1631, 6135. .

3166, 31. 1611666 11116666, 1138, ·
1 36161616161,161166, 1316663111

6. 38.

31. 11661 1161116616, 3. R. 11.
1513, 656, 68. “

36666, 36611666, 3611661316,
615.

366 661, 1666, 1116166616161631,
6131.

36161, 31. (11616. 13116166] 1631,
6111.

3166616, 31. 36661 1161166666, 1 1 · 1661, 6111.

011666 1661, 6116.

fl 361616161, 33611166166666,

31661661616, 11666 16661666, 1 1113666616116636111661661,
361661666161106611661660,1661, 1 6. 131.

6113, 131.
3161166 53, 76.

3116111616, 31. 316666 366111666, ⁴

1111111166, 3616661 66 3666166

1661, 6136.

’ 31161, 3111, 66 016, 1661, 6118.

316611, 311666166666, 111 3611111
66 3116 1331, 6135.

316161, 3666166 36661666, 1361-
6161 1631, 6111.

36 31666666, 66 361 66 316.

36611611,16166, 3166 1 3166116
1311, T. 1.

3666, 31. 1161661 16661666, 111
11116611 1661, 6130. ’

366616666, 31. Augustinus 366-
666 3.,131616161 1661, 6131.
31.1161366666,1 36616666 1661,
6131.

366616, 16166666, 16111. 6661. 6ο-
161166 1165, Τ.10.

3661166, 66 3616. ·

3666166111.

3666666113, 111. ,

366161661 166 36616166 161,
103.

3666 166366 315.

1 366616161 1561, T. 53, 63.

361611, Hieronymus, 3611663666
6. 36 36616161 1511, 1563, 666
1511, T. 53, 61, 68.

361161, 11613666, 316116 1116,
35, 95.

3611, 31. 11136136666111, 66 31.
116666, 1331, 631. 31161166
16161, 1 316166 1136, 6. 31.

36666, 3666, 311161136616666,
36161666616116666, 1138, 633.

36161661161161, 31. 161166, 1
366616161 1563111, 361, 63.
36161616661, 66 3611116616661.

3616, 11666666, 6, 8.

3616661616111166161158.

3616166, 31. 1611166 B. (1611-
616666631161111 311616 66 1166-

. 6166, 3161611 1111616 361166 1661,

6131, 31611166 B. 166666,
11161. 11661. 61 66616111116166616

, 1661, 6111.

361611111666166 33, 313, 15.
16661666 35. ,
361666 3166166 6, 8, 13, 11, 51,
55, 61,15. 3661116166 10-11.

1161661616 58, 11.

361666, 36666 61 16116, 111,

3616161130. 1661161161, 136-
131.

361616161 10-11, 63, 16, 313,
311.

, 3611611,16166 361166, 103.

316161, 3611611, 361661611166,
01611116666161616661, 16666661-
1616661166 13161166 66 3616161
1633, 1631, 6183-185, 133,
236.

’ 3616, 3661166, 1166616, 316161 1 31616, 31666, 3166, 31. 1666,

1313, 6 33. 31. 1161, D. 3. R.
1513, 1533, 6. 63, 83. 1161, 111
31166. 3. 11. 3. 1536, 6. 103103.

, 11616666,1611666666611.

1618, 6111, 111. 31. 16166,
31 1116616161, 11 311. 1553,
135. 3161661661, 6113. 31611,
111 1166661166, 11. 3. 3. 1536,
6103, 103. 3166, 16631661,
6111, 113. 31. 1166, 11. 11. 3.
1513, 665, 66.

1
1

93

3166611, 36661, 1161661 1311,
615.

316661, 31666, 31. 166616, 111
166616111631, 6131. 3661161,
1361661 1361, 6133. 31. 316-
66111, 111 3111161666 1661, 6131.
31. 3666 3161666, 111 ’11166 66
1116166, 316161 1 3661611161616
361166 1661, 6136. 31. 111616
3611666, 111 166166, 366166 66
36116316161136116161166 1631,
6133. 36161, 01611611666161
1680, 31., 6616166666 1631,
6118-130, 133, 306.

3166616666 181.

31661166166, 31. 3611 3161666,
111 1366166, 311166 66 111166
1661, 6133.

316661, 3166661, (1111616361,
1 3616661616 1661, 6131. 31.
36661 166666, 111 11616166 66
3666166 1361, 6135.

316666, 31. 1666 11161666, 111
0166166 66 316166, 316161 131666
316 1631, 6131. 36016 16-
661666, 1113611616, 11666166 66
3616116166 1631, 6131.

1116161616 166 118. 1611611666,
66 366111 1661661, 31616 36166-
6661661661.

316116, 31661666, 1116611311,
615.

316661, 31. 311116661666, Super·
intendent 1 111166611616 1661,

, 6. 115. 31. 3666 36661666, 1

3611661166 1331, 6131. 31.
1666 36661666, 1311111166, 1116-
1616 66 1116661166 1631, 6 136.
31. 11666 16661666, 111 3161166

1661, 6. 133. 31. 31616 36661- .

166, 111166611661631, 6. 161.
31. 36661 1161166666 31., 111
3616166 3666 1631, 6. 136.
3161661166, 31. 1111116166 3161666,
1 (3616166166 1661, 6. 133.
316166, 31. 11611161, 316611661
3666 1118, 615. 0116, 361616-
666, 31 3611 1513, T. 31.
316161, 3136660161666, 116616,
316161136166611 1631, 6. 113.
3161666 311111. 31, 51.

Ι 316616116161, 66 3161666616.

 

