1111111111 1118111111 158, 151,
188, 187, 191, 198, 211, 811,
818, 861-888, 861, 298, 299.

11111, 1111111 8111111111, 8111 1

, 8111111151.

11111111111111, flans, 11111-
11111 'over 1111111111 1681,
1. 872-211. 11111, 1111111111
’1111 1111111111 og 11111111
1888, 1. 280.

11118, 8111111111, 95.

1111111111 78.

1111, 1111111181111111111, 111
818111111811111111661, 1186.

11111, 1111111111 1111111, 11
11111.

11111111, 81111111, 0111111,
1881, 1128. 8111111111, 111
111111111111861, 1. 188. 8111-
111111, 111 11111111, ’1111111111
over Dronningborg 1111, 1880,
1. 888. 111111111111, 111 1ο-
1111111111 1111, T. 72. 11111,
11111111118111. 1818, 1. 120,
121. 111. 11111111, 1661, 1. 128.
1111111, 111111111111, 0111111-
111111111111, 1111111111 111 811-
311111 1688, 1. 280.

11111111, 11. 111111 81111111,
111 101111, 8111111111 11111111,
811111 181111111111111111 1681,
1181.

11111111 8111111111, 11 81111111

1111181111 811111, 31, 85.

11111188. 1111321. 111111 og
1111111 1111111111, se 181111
81111111, 81111 111111.

11111, 1111111, 1181, Τ. 6.

11111111182.

1111111, 81111111111, 81111
1111111111 1887, 1. 81.

11111111, 11111111111111, 11113111
1111111 1811, 1.18,11.

11111111,1111111111111111111-
111, 1 81111113 1061, 1. 182.

111 maa 1] gives uden 11111
11111 11, 11, 11. 1111111 og
sjaelundske, 1, 98, 106, 115.

11111111, 68, 87, 88, 106, 118.
(111111 ’1111111 21. 11111,1 111-
1111111, og 811111111111111
111, 6, 8, 10, 11, 18, 11, 18,

22, 86, 87, 73-15, 82. 1111111111
’1.11. 81111111111111111111111
111 12, 71, 88, 88, 91, 108,
118. 8111111111 111 111 78.
811111111111111111, 11 over·
11111 11111111 218. 1111111111
11 1111111111 218.

11111111, 81111111111181311111
11111, 1661, 1181111111111111.
11111. 811).

1111111, 111. 1111111111, 1111111111,
111111, 1820, 1826, 111, 15.

Ι
1111111, 111111111111.

111111, 111111, 11111118131,

’ 1111111111 1111, 1.,68.

11111 11, 88. 811115. 1111111111
1111111111117, 8-18, 21, 26,
81, 88, 88,10-13, 16, 56, 81,
80, 81,88,61,18, 1.1,58.

1111111188.
, 1111, 8111111111811111111, 65.

1111, 81111111, 1111111, 1111-
11111-1811111111111111, 11111111-
1111111111 1682, 1. 888. 111.
11111 1111111111, 1 ’11111111 1061,

- 1. 180. 111. 1111 88111111, 111
1’1111111,111111113811111661,
1. 181. 111. 1111111 1111111, 111
8111111, 11111111111111111111
1681, 1. 116. 81111 1111111, 1
8111111661, 1110. 1111111111,
dlaconus Ripensis 1111111111
1111, T. 81.

111111, 11111111111111111, 111
1111111111, 1111111 og segistrup
1661, 1. 135.

1111111111 1188111111111111111,
11181111 8111111 11111.

1111111111, 111. 1111 1111111,
111 11111111 og 111118 1661,
1. 188. 111. 11111 11111111, 111
8111111111111 1661, 1. 181.

111111 (gamuel), 111. 1111111111-

11111181, 1891, 1. 81. 11111111-

0111111, 1860-1817, 1. 81, 81·-
88. 1111111111111, 1871, 188.
0111 0111111, og 0111 Peterson,
11111111 1360, 1111111 1877,
121, 88, 28.

11111 (11, 11111), 11111 1111111111,
1111. 11. 1528, 1. 87. 011111·

111. Anderson 1377, 1. 25, 28.Ι

115

111111, 1111. 11. 1588, 11., 111
11111111 1581, 1888, 1. 68, 68,
8188. 1111111111111111111111,
11. 11. 11. 1823, 1. 88.

11111, 1111, 1861, 1. 188.

1111, 1811111 1111111111, 111-
1101111111. 1660, 1861, 1128,
112.

111111111111101111111118111-
111111111111 og 8111111111, 1111-
1111111111101 1678, 11111111111
111111111111111111880, 1888,
230-288, 281, 219.

111111 16. 88, T. 10, 88, 89.
81111111, Τ.10. 80111111111. 88.
81111 Τ. 87.

1111111, 11. 11111111 111 111113
1111111111111 1661 1181.

11111111111111111 111 1111181111
1888 1. 180. 1111111111 1122
116. ’1111111111 1122 Τ, 18.

11111111, 1., 1 111111 1860,
1183.

Lym, 11111111, 111 0111111111,
1111. 11. 1898, 1. 108, 109. 11-
11111, 111111. 1513, 1111111
1583, 1. 86, 85. 1111, 1871, ·
1. 28, 88. 181111, 111 0111111111
1559, 11. 11. 11., 1. 88. 181111,
1868, 1. 128. 1111, 1681, 1. 188.
1111111111, 1111111871, 1. 88, 88.
11111, 1860, 1861, 1182, 188.
1111111, 1111. 11. 1518, 1111111,
1588, 1. 86, 88.

1111111 1111111111), 81111, 1811111
1681, 1110.

1111181111, 1111181111, 18111-
1111 1111111, 81.

11111111, 111111111111111, 111
(111111 1118111111, 1681, 1. 181.

111111, 11. 1111 1111111, 11111·
111111 1681, 1. 188. 111. 11111
1111111, 111 8111111111 1111111
1861, 1. 188. 111. 1111111 1111-
111, 111111111 1881, 1. 130.

Lyngbygaurd, 11111111 1111111,
188.

11111111111111111111111881,

’1.181.

1111111, 11111111 1111111, Ι111 88-
1111, 8111111111111111111 1111
1111111 11111111, 11111111 1111

15*

 

