152

0011011011ἰο wdj 10001100001010100110310, 0010 1010 ber 01 divulgetis eller eeben·
101101. 11130000 801010100101 001011 1001 1103, 0001 10001 1010 wdj collegio 810100
0001 1101101 1010110010 100000010110101100110 1101101 00011011011100101 110001 were
000000101, 10110 0100 1000000101 000 10110 110031. (10100101 (10110310 001101 1001

10011010 1011101110 010 011, 11010 weris 1113010101110100101 000101 1001011 11110 001 113113

1110101011οῐ1οο udj 0101100101110001001111 1011100000, 001 huis 10001 10111101
1011000001 thill 100110101010000 1011011103 011 101030100113001101011000101 001011
110111 01101 1113113 1110101ηο1100 001 10110 0010011130 Vota 01101 0011111113 1010 10110110
10101011101011οΗ00101001001 00010001 1111100010 31100 11111 101101 03000 000-
113010 1111010 10100010001000111000101100. 4. Ηο011010 001011 101110 103113 113113
Βο3 001Ρ1010001 01001 011,11οἱ0 0010 udj 000 Μο010101000110110, 1010110 01101 10010110,
01101101 01101 1131131100 111101 110110 1100030113 Ηο0001 001 80311, 000 wj 0011
01031011111131,11111 0010113 1110001100 110001 110110 1111111113 0110010111, 001 10 0001
udj 110 1011010103 10101010101131010110, 0010110· 11111 01 1113000 801011000101 101010
011011300101100111101 01101 001 00010001 01001101 11100 00300 1010001010 ,·Wild 01101
1110000101 100101100013010111111110010 311010. 5. 0011 00110110 0110 wore 1113010101·
10100101, 0010 01101010010011011101 01101 kunde werde 0110100100, 101 were 013 01
1110100000, 1101101001000, Consumption‚ 1100301110, Kornn 01101 00110 80101101 000-
1010001 00110011001010 Pennge, Βο1310101010, 8003010, 11111010 01101Τ110001010,1001
11010 10 101001 0110110100 1001011011θο udj Sundet 0110000 1011110300, 0010 wj 001
0011001 00011301 will 10100 1010 1101011000, johe 0110000 11111 1110010 001 1001001110 '
Thider 001 10101001 113113 001 1100 0030001110110103 jndleffuerie 000 1101101 110010·
(10011001 001 011101 weris 000113010 Βο1010103 111111113000 jgen distribueris, 010000
001 001, 000 wit 010001 10001131 01 0010101301 Μο0001 00100 11001, 0110111001 81011
Wilkor 001 Βο00101000101 00111300 1011101110 0011 feris thil Βο30. 6. Ηο01 01101 110110
1113010801010100101 med 0100 11111101011001011000000101 0010110 10110 000100 103113
1113113101 01001011 1011031, 11113111, 1100100ᾶο 0310110101, 01 000 0110 110000εο1101,
11001 101010 00 113113 1010000 001 10111000001101011010103001 wore Rigers 1011100101
0010111101Βο0010100110100100 1001 0110113000 11110110, 01 0110 101101 1103000-
001010100111300 101 101101 (10010101 00110310 113113 1011110110 001 01103310, 01101 10,
eom 101 udj 10110 101010000113 001 1101101 need. Befellning motwillig 01001011101 0101
1010 10 010 01131130 thill 1110010 ’111101010101010 001 0111010110, (1000101Ρ10001010100
00111000100 01 10101000113101 11111000101131113113101 011Βο1011103. ’1. 1130111101
0010111130000801011000101 0011 1001 0110 0100 Αο00000101 udj bete 10110 (10010101
(1011031010100113113001113101003003 101 001 01101 weris Deputerde 01 1011010010
11 1131131010010103 101 101 1013003εο Aer 000 011 100110311, 11113111, (11011 001
1011001, 000 wit (1010010101101 10010101, 000 101 01 10330 1113010 ’1111010001 wdj 10
Wilkor 1010101 kunde 0001100011 01101101 001 013 101 0110 1111311101 111111111131010

 

