131

86116116166168616,161166661- 16616136. 861666661.16661- 111661616181666616111661, 6.
161, 306. 16111661 s. 111. 611661116666 131. 61. 161616166166666, 111
8611116161101, 231. 1 66616 661166 1661 6133. 1166611661, 6. 133.
8661616611 T. 68, 10. 166616666161661116616111. 16616611, 61166616161666, 111
8661611111666, 66 1111666. 61. 161161666 6616666 1 11166161 8661 61 66116661611661,6.131.
86166, 8616116, 16666 1 611- 16616131. “111616-111666111.11.
61611613, 66666. 6161- 86161611,6116661666611661- 1666166, 166166, 11166166
6161666 111 66611611 61 616661 1161611661,6.131. 166616661616116116611110.
,1661 6135. 61. Anderson 111 86166661181, 112. 616166666, 1611161166111661 61
6166 61616166, 1161611616116- 81611116116816661 1661, 6. 110.
6611611661, 6136. 611166111 1666116, 61. 11666 16161666, 111 616161666 1111661166, 66116616-
866661111661616111611161661 11616616161661 1661,6. 136. < ’61611066666166161316611-
6130. 616611616666611616 116111666,1660,,6111. 61666661661611116616138.61.
16616133. 61. 6666661616· 16616616166, 1661661166, 666111166661611611111661618161·
1661661161, 66616611. 61666- 1666161666666,1113,1.7,11. 61611661 6136. 61. 166666
666 111 6166611111 61 66616161 Ι 1661111. 66161611116616161 61 (11616161
16616136. 111166666166616- 1611118616,11161161661166,1.13. 16616136.166666,81666161666
6661661 6131. 61166666 111661616,1)611161,6161611, 11, 1166866161661, 6. 160. 1161666,
8166161166161161661 6131. 1.10. 66 1661. 61. 161166666 11. 1 A
611666661611616616132. 1611, (1611616666116166666, 1 8611616116616.131. 6661666
61166666 16 1111161 61 1166161 Vardo 1661, 6110. 1666616161 1. 63. 61. 1161111666
16616133. 61. 16666611161- 161616,611666616,11“1. 1661 111 6616161, 6161616161
616116616131. 166666181116 161161, 61. 661161 6661111666, 1 66166161666116616131.1166666
16616110. 6161611666 111 616111661611661,6.131.· 11161611661111611111161666
116166 61 6661 1661 6136. 161666, 11.(11111611661161666,1 6., 66 6616. 1116166666 1366, 66
61. 6661666 1116116, 016 61 61616, 116161 1 666166 661161 16616166. 61. 61616666 1613,
61161661616816131. 6666666 16661661, 6111130. 61. 6616616. 616166616116611611
E. T. 16661166 1661 1111. 6666 1161666, 1116661611 1661, 16616.111.0161666,666661661
61661666 1116166 1111116166 61 6131. 61. 6666 6., 111611616 1 1166611166116 1661, 6. 118. ’
81161 1661 6136. 61. 1161· 16616116.16661181616161 61.161616616611611161.16161·
166666 81616161 1118616 6166161 16616138. 666166161661661662 6150.
16816136. 6161166666 161· 16116166666, 6616161111, 661111, 61. 11111666, 661661.
11166161 p. 11. 1661 6. 111. 61. 1661111,1.68,11.6661111666- · 11161, 61166666166661618661,
11161666 6166616161 1661 6131. 6611111-1118, T. 16, 16, 71. 116161 1 066616611661661,6.
6166161666 1 1161166166, 116161 0116, 6661611666616161, 116611 136. ’ z
16611. 116. 6111161, 6111- 61111161-1111,1.6,1,16. 1116111111 1616161, 1161161
61666 16611666666661 1661, 16161661,1666666,1. 10. 6161611111, 11116166 816661, 1662,
6118. 61011116661116611661, 1616666161, 6666616666111, 6110.
661166. 61, 16161666 11161611 311, 316. 16616,“1116161, 1116666166,
6661616611661661 6133. 61. 161616, 6666, 6161611 l 861166 6116616666, 66666 61 616661
16661666 1111161, 6611111. 16· 1183, 6. 16. 8166611861, 6. 119. 611666666
16166111661616616137. 16- 1611116616616661161616661661 111 61161661, 11116 816661, 1661,
661666 1 66116 1661 6139. 6113, 6. 113. 11616666 1 6116616161
Persen 6., 6611611661 ι sta- 11111111, 1616111116. 1116, 6111111111 1111, 11661.
’ 1661611661, 6118. 11116· 16111616616611111166. 16, 13. 01616666, 6611161166-
161666 A. 6666661111866161- 16116161, 61616 16661666, 16166 mund 61 616661 816661 1661,
61 6611666666 1661 6. 186. 16616137. 6113.
66666666616661161116616111. 16161666, 11611666 661161, 95. 1661111166, 1116111611, 161-
6666166666 pua 16166166 1661 166166166130. 1161, 61. 6611666666 111 1161-
6160. 61. 86166666 111., 66 1116161,1611161661161611166161 1116616161 811666161, 1161611
6111. 6166161161 6. 16161 16611. 116. 66111166611661, 616161111-
1661 6. 133. 861666661161666 1116611611, 610161661666666, 666 13266. 15. 66666666666,

11*

 

