11636166, 11. 22.
. 66166, 61666 11666161, 11. 17.
6616666 6311111166, 1166. 8111-
161, Π. 68.
661666161616361, 6166616661·
6611616, 1. 26. 47. 69. 66. 66.
70. 77. 78. 82. Π. 7. 12. 24.
60. 66. 46. 48. 66. 60.
66616166, 6661116611. 69.
6611636616, 66161, Ι. 67.
661666661166, 116162. See
Joegerspriis.
¹ 66616611, 1111166, 1. 69.
66616616, 6111666116, I. 60.
663663 111 616611-066161161, 1.
9. 20. ο.6.1. 666111666616166-
66666.
661666161616,1. 69.
666166, Hert. 6111166666, 1. 60.
613663 61 66361 1161166. 6166,
Μ6666666
76. 11. 6. 7. 18. 60. 41. 64.
6116161163111 (166. 6166, 1. 6.
’6666666646
7613. 11. 613. 1613. 19. 2713.
WQMQ
6161166 111111611. 44.
Alexandra, 816161. 66.
6116661611, 1 6163666, Π. 41.
61166, Prot, I. 10. 11. 20. 62.
44. 67. 68. 79. 11. 22. 46. 67.
611116, 6., 1. 64.
61616666-06163661661,Π.18.
61166661-1166161,Π. 6.

nnus.

6611181611

wmfflfflmmmmmfflmumfflwmmmmn¹

——

6666.

6166361, 1. 66.

6661161, 1161661166, 11. 66.

Anderson, 0., 0666. 6611.,Π.68.

66661666, (11666, 11. 46. 611616-
1166, 11. 29.

6611616666, Pom, 11. 26. 24.
1716611661, 11. 66. 66.

66166, 6161, 1. 66.

6616616116 11661666616, 1. 66.

6666, Κ. (16116111161161161, 1.
21. 64. 68.

66166, Gr. 61 016666, 1. 70.

Archiv, 6161. 366, 1661666611
. (166. 6166, Ι. 16.

616611-666, (166.6166.,1. 72.
82. 63. Π. 16. 26. Ι

61661116666, 1616166, IL 9.
666611, 11. 66.

6166616111, 66611166, 11. 22.

61666-013661661166, Ι. 74.
11. 4.

61161636-663, 6666611, 666611,
11616. 62.

6116111136, 666 6666666166.

6111166666, 61611616.,1. 68. 66.
69. 78. 81.

6616116106666366666161,Ι.69.

666116-11166161, Ι. 67.

6666166,1. 21.

66116611. 66.

663661, 06611. 6111666666, Ι, 68.

663661666613, 11611. 11161.
chr„ 1. 40. chr„ 1. 66. 62.

6636616666136116 (166661, 1.
62. 1121. Papira, 1. 16. 16.
68. 61. 61. 66-4. 67.

6666661666, 11. 48. ·

6611661666 166 666 611611 6.
Qstffiffi

6663, 0161, 1 6166611613, IL 17.

666661, 111616, 1. 16.

661166, 6., I. 62. 64. 46. 11.
22. 67.

66116666, 1126.

66111161616 Archiv, 11. 46.

6666666, 111616, (1666161, Ι,81.

11661, 616611111166161,Π. 60.

661, N. R, Stud. 1666, 11. 68.

Becker, P. W„ 1. 20. 62. 79.
11. 22. 46. 67.

Becker, Τ. 6., 1. 10. 20. 24.
60. 66. 64. 66. 77. 11. 8.19.
66666 ’

6631166, LE, I. 10. 68. ’19.’
11. 22. 46.

666316666, 6661, Ι. 21.

666666,1.616,1. 76.

6666666116 6166161161, 11. 4.

661361, J. 1., 11. 40.

661163, Vitas, 616161, 11. 29.

6611166, J. Η., 1. 24. 28. 60.
66666666
26. 68. 60. 62.

6616616111, A. P.‚ 11. 40.

66116666, 6.,6666366666161,
11. 40.

 

