1856. xxv

1000111011υο1, 11000113 000 811010 1 1001011010 Ηο10101113111 Η6110. 1100 101 01 1110131
111 01 10000 11003 001110101011010 1010013 vil blive 011111ρο0111οο 1003 111. Ηο01
1000101 0030001, 01110 (101010001011001, 1010001101 ikke 1100 10111δί00 001 00 0011030,
neppe kunne hjaelpes paa 00100 Μο010, 001 001 01 0110110 eu 01 10 1111110010
Ηο001010301, 00100 100 00111101 ’11100 10001000110011100110101011010 Archiv, oller 100
0001101110 Christian 1001101100 Ηο0101031Ρ10010013001100, 1101111011 011010 103101-
1110001113 burdo 11000100 111 00 1110110100 01 (1010100010111001 1 00 13010010 11001111.
81101000 1 0101001010 Ηο0010103 til Η11110 01110 11100 00301 1100111010, 101001001οἱ01
111001101011011130010010111010101030100100101101011010 0010 10 01110, 101 11111110 .
fra 011 Ρο11010, 110011 (10101000101110011100 01010 1030001301 001 000010 001 1111011101.
2. 110300101010000001 101 110001000101 1854-55 11011 0101310 Αο1 0001011001-
10101, 03 100 00110010 1101 0101103 (1010100010111001100 11101010110101100110130 101101.
1103001101οῐ 101 110001000101110 1110101001 1855 111 0000311011010 Marte 1856
5100 10100011 100 11011010 1001. 101 1011οΑ01 001 001110001010000 10011301 6517
1111, 0010113 4420 111. til 10 10010 1110010301, 497 111. 111Β100111001 03 0011111130 1110010
7113111111 101 11011001 001111 1113100100 01 1011 1101010 110101010101113, 03 0010113 1600111.
til extraordinaer 1100103 101 Ρο10000101 001 101 111113010 1110101101·301100103101101101110.
⁵ 'Seuere 01110111 10100010 811100110τί01 0311011010101 01 11101 Dyrtids-Tillaeg, 11001001

101010110101101(101010001011001100110011. 7113110100100110301001001130101011031. = ⁸

Regnskabet 0010 kom 1011100111 10010100, 03 0101011001001οΒ001001111110301 100 1111-
101110 August 0010 1100001010, 0101103 (101010001011001100 100 10031000010 October
Qvittering 101110001000101 1855-56.

3. (10101000101110010Β111301101Αο1011856-57 111130110001010000 01011003-
1000010 1011001 1856 ὅ 10 c.b.1 1100 100 001031000010 11011000010100100101. 800-
001 100 11010 Βο0111103 0010 101101103οο 01 1011110 001 000111011130 Αο1. 110301 11111-
3010, 0001113 00101 01101110 110110, 110010 111010101101111130 110001010000 0101100310001110
1011001 1856 1110111101 (1010100010111001 01 Schema, 101 0101 Hensyn til Dyrtids-Tillaeget
01011001101100 011101100101110101003Βο0111110301111001. 1)01 1010111103, 10110011 ’
000 0110 10100001, 01310110 1178 1113010101,11001001 011000 1011 11001110 ordinare Βο- ’
0111103 (6517111.) 01110 00110 111 8095 Rd. .

4. Βο1301-101010301 101 110001000101 1857-58 1100 100 11011010 Juni 10100011

111111010101101, 0101001101 0001111111 01000 0101 100 000 1101103010, 01Βο10101110
001 1010010001 1011111101 110 120 til 220 111. ’

vm.

1101110110γο111Α101110·Εο110100101110000 0010001130 10111011 1 101 0110101013ίο
Αο1 vil, 01101 100 00110300110301 101 110001101010101010301, 00100 11130010 01010
01 1001001101

 

