1166161661166 1661 6132.
61. 11666666 16 611166, 111616·
6611 61 3111611161 1661 6136.
61. 1166166666 1116611661, 116161
pua 116 1661, 6132. 66166·
666 1311166166, 661116661 161·
1666666 (161616161616661666611-
16161616161116611611311, 616661
1360, 6 16, 17, 10. 1611666666,
11666111 1666616161 1161, Cantor
1163, 1113, T. 36, 11, 13. 61.
161116666 11., 66 Basse. 161-
66666 131666611 1661 6111.
16166666, 16116666 116666611
1661, 6111. 1661116666, 616-
661 1360 116161 6161616661666
61161616 1616 16661161, 611.
1166666 1 116166 1661 6110.
1161166666 16616161 16661661,
6113, 111. 61. 1161166666111
6116616161 1111616161, 116161 1
6666161 661166 1661, 6136.
61. 661166666 1111666661 61
6666166 1661 6. 136. 61.· 61·
6166666 6161161616 1320 6.11.
61. 616166666 611616616 1360,
1331, 666116666116166. 61616666
61 3116166666 1317, 661616-
611161. 616166061133, 6616611.
6661616666, 666., 66 3116616.
61. 6166161111 01661 6131, 66
61. 166616161666. 666161666 S.
1111611166131666611, 116161 1
36666 6611661661, 6131. 61.
6161666131616166116616616131.
61. 6161666 pau (11666, 6661116.
61. 6161666 111 6611111111 61
66166661661 6135. 6161666 1
161616166111661 6133. 6161-
666 161611611661 6110. 0116·
666, 66 666. 61. 0161666 111
66116 1661 6131. 61. 0161666
1166666616161661 6136. 0161-
666616616161 1661 6. 112.
1616616666, 1666611316, 616.
1611666 1 6616166, 6611616166.
61. 16661666 1 1116616666 61161
1116166 1661 6132. 61. 16·
661666111 31666611166 61 361-
11616 1661 6131. 6616661666

, 11661616611661661 6133. 16·
661666136116616616116616 1661,

6.136.16661166,1166661666161116
1661, 6136. 16661666 1161611611
0666661661 6131. 16661666
1311161661 6110. 166616661.
1616666 1661 6110. 661166-
1666666116166611661661 6130.
6611666166666 61 6616166161,
66666. 66116616666661166116-
661166 1661 6133. 361616661
6661166 1660, 1661, 6121131.
61. 311166666 Q.. 66 1116166161.
61. 316166666 pua 1116 1661
6136. 31666666 pua 16166166
1662 6160. 6631666666 1
6161616 1661 6131. 6636·
166666 B.. 66116116. 61. 36-
16666611. 111 6611666666 61616·
1161, 116161 1 11666 661166
1661, 6136. 36166666 1161666
1661 6133. 61. 16666666 Ι
6666116 1661 6130. 6616166·
666, 66 616616. 61. 66666606,
111661 61 1166611 1 6116616161
1113, 1165, Τ. 11, 33, 10. 61.
61666666, 111611616 1666616161
1111, T. 23. 1111666666111 31.
61111616 111116 1 31116166, 116161
1311116166 661166 1661, 6. 131.
1661666 116161111661 6. 133.
1161666, 166661 1360, 611.

1661, 16111, 61. 166616, 1311,
616.

1616, 16666666, 166661 1311,
616.

16616, 66 1166116666.

166661, 16111 66161666661161, 61
6616116, 616 1161666666 611611,
1131-1111,Τ.18,13. “

16116166, 161166, 66 6616166.

116111, 61. 1166161, 61 16111 1111116
1661, 6130. ·

Philip, 61.·11661161666666 161·
116666 1611666616111661 6132.

11116, 61. 6666, 1371, 616.

11166166, 61111, 1666611371,
61611.

1166, 61. 66116166 0161666, 61
1611661, 6136. 61. 30166

’ 0161666, 111 6611661 61 3661
1661, 6136.

1161666661, 1666, 1166611166·
6616161 1113, 116, 11.

123

116666611 1161 136137.

11666, 616161666611133, 638.

116666, 16666666 66, 616661 1311,
6.16,11.

1166666, 61. 06116666 316111166
166, 6666166666 1631,-1631,
6163, 110, 233, 136-133, 313,
316. Samuel (1611616116 ,166,
6666161666166661 1630, 1631,
6136.

1161166616111,11.

1166, 1166116 1, ’1.63.

16666661,16666616666116,
61. 111616, D. R. 11. 1636, 6. 33.
61. 6666161, 1360, 111661 1376,
1311, s. 10, 21-16. 61. 116-
6161661111. 1513-1636, 6. 66,
66, 33. 666611616166616,1661,
6. 123. 161666161,Β1611066666
1316, 1311, 611-16.

16616161, 16666, 111016 1661,
6137.

16616111666,6611611616611666·
666, 01 1111616161 1661, 6131.
61. 6666 6161666, 111 6616166,
1161611661166611661661, 6131.

16116111666 210, 171, 326.

166116166, 6611616, 133.

16666, 11. 6666, 161616166, 116161
161616166661166 1661, 6. 131.
D. 1116111, 11666111 6166161 166
16661 11611161 1660, 16616122,
113. .

161111, Christian 11166111, 1161·
616661 3161116161 1681, 6163.
6666, 3166111611 6666 1113, 6. 16.
6666161, 1660, 11.11.11.,16161661
l 666161616666116 1661, 6. 131,
126, 161, 166. 1611166, 1661,
6. 113. 0116, 666616611166661·
61166611 1660,1661, 6111, 116,
161. 1116111666.

1611, 166166 (1111. 11111, 616111
1616661360, 610. 61. 16-
6616661. 1116611611 1661 6132.
61. 6666166666 311666 1166161-
6611661661 6. 133. 61. 11611·
6166166 1 01616161661166 1661
6133. 6666116166666131166661
61161 61116 1661 6131. 61.
661161666661116661161, 6666666
661161666661666116111661 6111.

16*

 

