93

661166, 160616 166, 011. R,
1133116.

66111111, 6161161, 1111111166, 1
1161116 1660, 1661, 1. 123, 111.
166616061666, 1 11111611 1661,
1. 139. 111. 11101 16061166, 111
1111161660 616610611661, 1. 136.
66061166166, 1 11111611 1660,
1661, 1. 123, 139. 111. 66061
166666, 111 6611116161 616611161-
116111661, 1. 131. 111166, 111111-
116116161161 1661, 6166.

6616611,166161,11606116111282,
61.

66161610, 6616111, 1111166-
111116 1661661611 618161611161
1661 1. 130. 11661666 1161
1111166166 1662 1 160. 1111.
616161.

6616161, 61616161 8616, 1116-
111111 1110, T. 26.

0611116161, 61. 160616, 111116166-
111611 1661, 1. 132.

01, 6116, 111. 111661 8616116611,
111 8611611161 11666 1661, 6136.
111. 66061 86166166, 1116611161,Ι

611116061, 616161 181606611-

161160 1661, 1. 131.

6161111, 6616161061 1111111
666, 666061111661811161 1662,
1. 110. 111. 61116166 111 1111111,
066106 816661, 1662, 6119.
66161616611181116, 811661116ηο
1 0616 811661 1662, 1. 119. 111

816166166 111 6666066011111111,“

8161161606 811161, 1662, 1. 110.
Τ11116161611, 6660611 116611116-
0616811161 1602, 1. 119.
616116, 6111161166611, 611111-
1616161138, 6. 38. 11661, 1601,
1. 116. 61. 1166111, 0. R. R.
1600, 1661, 6122123. 111.

6611116, 116, 111. 111616 66611611 1 1131610, ὓ· R· st· Gssssssffllfleutu

111 6111161. 011.

661161, 11161116166166 1161611
111 1166006111 og 16601611 1661
1136. 111. 61660166 111 Glm-
161616 og Lem 1061 6136.
616166 1 1160611161 T. 60. 111.
1166111666 1 0161116061, 66 ’161-
161. 61. 16666166 16116161 111
1611161 og 1161611 1661 1136.
1161166166 11611111 1661 1. 139.
61. 11161666 1118611661εο 618161-
16616 1661 6132.

06111661. 111. 6661161666 111
&mmmmm

66111661 18161166161, 011161, 1
1116116 1660, 1661, 6123, 131.

66611616161661161, 11661661,
80, T. 11, 33, 31. 6611111666 61
81661111, T. 6.

Ι 06161016111611661611163,

106.

066166110 216.

66161, 11116161, 1111111601 616-
0611166110 1661, 1. 111. 66611,
11611111 11666 0. 011 866161111
1669. T. 61, 68.

0616116161, 6611 8616, 1160611-
1611161160, Τ. 8, 18.

66161616111, 1161611611, 1 81116116
1661, 1. 131.

1166111611οε0 1 1111166116116
1661, 1111161160 6161 11611160-

burg. 0111166161618611161101 ·

161161 1690, 6128, 161, 283.
1111. 111611 1661166 61 61616161.
016, 16616161 1 116116 1661,
1666, 1. 116, 116. 111. 66061
16166166, 1613, 6. 66. 111. 8166
061611166 og 1111616 661616-

6. 66. 160616, 01 06166116, 0. R.
16111 1618, 6.120,121. 661111,
0. 6. 6. 1183, 616. 0111116061,
1661, 6129. 111. 61611, 1623,
0. 6. 0. 1636, 1. 66, 69. Ε111,.
1661, 1129. 6116000. 1623.
6. 66.· 11661, R„ R. R. 1613, 111.
1623, 6. 66, 66. 11660, 0. 6. R.
1623, 111. 1636, 1. 66, 89. 11660,
1661, 6129. 0116, 16601661,
6122, 129. 016, 611111 1611
1623, 666. 66061, 018116-
holm, 0. R.R. 1669, 6. 96 111.
8166, 0. R. R. 1613, 1. 66. 8166.
16606122. 111.8166,1661,1.128.

6161, 1161111166 1116161166, 106
6111111611 1316, 1311, 6. 21,
26, 21.

6116116160, 11116111, 11161. 11111.
11616. 1601,1.120. 111. 66061
16666166, 111 11616611111161666
1661, 1. 130. 11. 66061 1611661,
111 11611616 1061, 1. 130.

61161616 sacerdotale T. 19.

6111161, 6116111111 11660 1613,
1616, 111, 66, 61.

01111116, 0611116 016110.. 66
111611,

61116116,16111 86111, 1116111110,
283.

611161610, 11,11, 2161, 301,

166, 1391, 131. 1161616 1 308.
1616166686 01183, 611. ¹ 61111 1616111161, 111. 66111, 1311.
61611, 111. 1661 86166666, 111 J 1. 26, 26.

· 616616 1661, 1132.

210. 616 111660 216.
6161161, 66 6611111.
01611166, 066160, 666661111660,
61111· og 1116616116616161 1610,

6611611116-61611· og 1111111661- 1
smmmmmwmwffi!
1 8116611602, 6119. 6116166
016116, 111. 111611611666, 11111161- ¹

16161161 01611161) 1661, 1. 136. ι

61616161 86116, 66 6616161.

0161161611 86116, 1116111111 1110, ¹
666, 12

611616, 1661 11161166, 1 1161116
1661, 6111.

wmmwmmmwamss 6061666616

01616, 0 11. R. 11123, 6116.

1 61616 (66116161, 111. 16061166 1
6161116116011111 116116 168, Ξ
ἶ 1118111616 1661 6136. 16-
⁴ wmlfflmmwawm

1161616116 811111. 111. 16061666

111 016116666616666616, 11166-
prout Ι 816116161 1661, 6116
61166116661111611011616, 811-
16161660 1 66061 61 1166116161

111 6611111111, 816661116010116101
816161 1662, 1. 119. 116816·
1111166166 1118661611116611, Tr-
666 811161, 1662, 1. 119.
61616 110611116111, 16660 16061-
1611, 0011. 1613, 6. 66. 16166

111. 016161616166, 1316, 1311,

5 61116,111.1110611,0.6.11. 1623, 3 621-26. 6168611116111061·

 

