31111113, 111. 111111 (1111111111,
111 11111111 1661,1. 131.

(111111 ΙΙΙ, 9111, T. 32, 33.

(11111, 1111111, 111111131661, 1.
139.

(1111111, 11. 11111 1111111111, 111
(1111113 13 1111111111 1661, 1.
135. 111111111111111111, pan
1111111 1331, 1. 132.

(1111111 81111111 1 11111 1661
1. 137. 71111111 1 11111 1360,
1331, 1. 123, 137.

(11111, 111. 11111 (1111111, 111
8111111111111 1661, 1. 131.

(1111111111, 11111111.

(11111111, 11 111111.

1111111111, 1111111111, 111111111-
1111, 1111111111 1 11111111111111
13 81111111111 1387, 1. 353.

1111111111 1111111, 81111113,
193.

(1111111228. 1111111111, 11
9111 11111111.

. (11111111111111111111111111-

111, 111 31111311 13 111111, 1
1111111 111111 11111111 1331, 1. 1

130.

01111111, 111. 111111 1111111111,
1117111111 131111111111 1661,
1. 130. ’

(1111111111 Ι, 11131, 13-16,
18, 55, 72, 78, T. 33, 31, 13,
11, 13. ΙΙ, 11131, 56-70, 73,
75, 73, 78, 79, T. 53, 58.

311111111 ΙΙΙ, 11131, 79-95,
107, T. 58, 59, 31-65. lv,

11131, 101-111, ΙΙ, 1111131 ἕ

111311308, 1. 103, 110. V,
11131, 131, 177-386.

, 3111111111, (11111111, Chr}-
111111101111311523, 1181111-Ι

1113. 11. 11111111 111 11111111
13111111118111111. 111. 11ι
1111111 ΙΙ. 8., 11 111111. 11.

1
1

1

81111111 15131101111111111. Ι

11.811111111113111111111,Ρ11111

1111111111 1361, 1. 113. (11-
11111111 1 11131 1630, 1661, ’1.
113, 137. 111. 8111111111 1

1111111111 8111111111, 11 1111111.
11.(1111111111111111111111 1631
s. 135. 111. (1111111311111111111
1118111113 13 01111113 1661 1.
135. 31. (1111111 111 01111111
1651 1. 133. 111.1111111111111
3111111111 s. 111. 11. 111-
111 111 111131 13 1111111111,
111111 111131113110 1661, s.
136. 1111111111 111331 1361
1. 131. 11. 1111111111 11111-
11111111 1331 1. 130. 111.
(1111111 11111111 111 1111111111,
11111111 13 (11111, 111111 11111-
111 1111111Ι 1361, 1. 135. 111.
3111111111 111 111111 13 3111111-
1111, 111111 1831011111113 111
111111631, s. 131. 1111111111-
mand i 811311 1631, 1. 117.
3111113111, 8111 11111 1110,
1. 10, 13. 111111111111111-
11113111331111 1361 1. 131.
111. 11111111 111 (1111111- 1661 1.
133. 11111111 1111113 1061
1. 139. 111. 111111 111 11111111
1331 1. 131. 111. 111111 111-
1131113111 1011111 1601 1. 135.
111. 111111 81111111 111 1111113
13 11111 1361 s. 135. 111.
111111 W. 1 1111111111, 11
81111. 111. 111111 1111111113
1311111113 1661 1. 133. 111-
111 1 [111111 1631 1. 139.
11111111 1339 T. 1. 111. 11111-
111 111 1111111111, 11 1111111111-
311. 111. 1111111111 111 11111111
1361 1. 132. 11. 1111111111 1
8113111111 1361 1. 133. 111.
1111111111 111 111113 1861 1.
131. 111. 11111111, 1111111111
1 1111111 13 811111 1361, 1.
117. 111. 11111131 11111311
111111111 13 1111111 1631 1.
135. 1111111111 Ι 1111111311 1131
-11111, 13-10. 111. 11111111
A. 1 811111111111 1631 1. 133.-
11111111 1111113 1361 1. 139.
11111111 1 1111111111 1661 ἱ1.

1111111, 1111111111. 111. 3111- Ι

’ 11

11111111 1361, 1. 130. 1111111111
1133, 111111. 111. 11111111 111
8111311 1311111111 1361 1. 130.
111. 11111111 111 1111111111 13
0113111111, 1111111 0311111111
1661, 1. 130. 11. 11111111 111
Fur 11111 (1111111111 1361 1.
131. 111. 11111111 11111113 111
111111111111 1361 1. 135. 111.
11111111 1118111 1311111 1331
1. 136. 111. 11111111 1113111111
111 1111111111 13 8111111311 1661
1. 133. 111111118111111111131
16611. 137. 11111111 1 8111311
1661 1. 110. 11. 01111111 111
11111113 11111113, 11111111111-
11111111661,1. 133. 111. 0111-
111 (1111111111 13 11011113 1631
1. 135. 11. 0111111 111111,

1111111. 111. 0111111 111811- ¹
111113 (111113 1331 1. 136. ’

(1111111111, 1111111111111111-
kirken 1 811311 1513, 1. 56.
111. 11111111 11181111 1311113,

11111110111111111 1660, 1331, ’

1. 131, 133. 111. 11111111 W.
til 1111113111 13 1111111331 1.
133. 111. 11811111 Β. 111111·

(1113, 1111111111111, 1661, 1. 133. y

111. 11111111 1111311111 Ι 1111111,
1111111113 11111 11111111 1661 1.
133. 111. 1111111111 Sale, 1111-
11131111111, 1631,1. 131. 111.
11111111 3111113111 111 11111·
11111, 11113 1111111111, 111111
1 1111111111 11111111 1361, 1.
131. 111. 3111111111 (1.1 11111
13611135. 8111111 11111-
kilde 1360, 1331, 1. 123138.
11. 81111111 111 11111111 13
1111111 1331 1. 130. 111. 83-
111111 1. 111 1111111111 1331
1. 130. 11. 81111111111111311
131111116611.131. 111-
mesen 1 811111 1631 1. 110.
1111111111 1111111361 1. 111.
’1111111 1 8111311111 1631 1.
138. ’111111 1 11111111 1661
1. 112.

111.11111111111181311111631 (11111111111 115, 117, 318.

11111111111111111111, 11 1111113. ᾗ 1. 111. 1111111111111 111111111-
11. (1111111111 11. 1 81111113· ff 1111 13 811111131, 111111 111111-

81111111111111111, 11 11111113
81111111. Gymnasium 13 11-

 

