1011110010 100 1111011110 1 110-
0010101 Τ. 38, 58-81.

101100 81 141. smum-nu, 00
1010100.

1011011110, 00 1100010101, 0010.

10110010100001101, 11000010 110-
1000010111. 1411, Τ. 71.

10110000001100111,16810.119.

10110001111100 11.

1011001101 61, 75, 88, 100,
108,117.

101000011,100001110011001881,
1011010οᾶ 1886, 0145, 175.

11010120, 16, 17, 38, 35, 100,
103, 114, 117, 118. 801010,
100111110011000, 11000111 01
101100, 110111011110, 11Ιο01000
8100010111ςο11001100110111001-
1100, 1100011001, 100010 81110.

10101011, 0010101011),

110101101011100, 0. 11. 11. 1518,
s. 58. 101100, 1601, 0118.

1001110001, 111. 8011000010011-
0101701000, 111 11011001 01110110-
010101, 1661, 0181.

101011010111101 100 Holmon
211, 162, 185,169, 188.

1101000100, 00000001001101111 stu-
tus 1661, 0164. ’

1101100, 000101, Professor 18010
1881, 0119.

1011111110, 101110 11111. 10001,
00111000, 110010 0111011010, 43.
81011 1 8110011000, 00 11110.
1111000, 00 Bone. Tygossu,

. 1100011 1 1100010101 1481, Τ. 38.

10111011, Τ11011011 80110 011101·
100, 85, 95, 108.

1011110, 111. 100000, 00 301000101.
10110000, 00 8110110.

10001011, so 10101011.

1011011100 1, 101001 01 Τ1001-
1000, 48.

10011000011, 11100000, 100-
0011100000001 1876, 1000000000
16801 0. 211, 280.

1001111181.

10001000, 11011 8010, 1100010·
101 101100, Τ. 15, 16.

10101,1100110000000000000. 80-
100016610. 1101101100011110-
000101011 1881, 1870, 0 181, 190.

1011110100, 111. 11000101, 8011-
00101101010000 1 10100111 1690,
0310.

11011011, 111. 0011010000110100·
sou, 1 Skodborg 1101100 1861,
0131. 111. 11101000110100000,
11110001 1681, s. 181.

10100101,“ 111. 10οἒ00 111 101-
100 01 1000101 1881 0138.
111. 1111101000 Τ. 01001011 og
Το00011011, Proust i 110110 og
Burro 10110001 1681, 0184.

1101010, 00110, 11010101011661,
0137.

110100οΙ1, 111. 1010011011101·
01 1881, 0180.

11010101, 00101111011011, 11010
1861, 0138.

10001100, 111. 0101 1011000110,
1 1011001 1681, s. 117.

1100001000 0100 10000001 og
1101111101 01 11101, Τ. 18. 100-
00110001 Τ.71.

1001010101, 0110111001ου0, 11100-
01101 8100100010 01000. 1161,
0. 37.

100100100 0100, 01000010οτ0
0100, 35.

10010111, 11010111, 1111100171.

110110 10001100 1413 Τ. 7.

1011101, 11110000101111 1861, 0.
161.

10101, 1101011011, 1110101000 1891,
s. 193.

1100011011 128, 111.

1111101, 11011001, 111. 011110100-
000 111 1111111 01Το010 1661 0.

, 135. 00110100010001811100101

’1881 s. 148, 111. 100000 0010·

0110111001011101100 1661 0138. ’

111. 1100111000 111111001οἰ, 1010,
1681, 0130. 111. 100000 111
1010 og 1011001011 1881 0.
131. 111. 100000 0180000101
0180101011 1681 0184. 111
1101000, 0001011 1110010101 1441,
1411, Τ. 10-18, 70. 1101000
11101100 1881 s. 142. 1101100-
000 111 1011011100 1881 0180.
1111101000 1 81110 1661 0. 140.
111. 11101000 1110100101 1861 s
130. 111. 11101000 110010 111

117

Το01101, 0111011 og 11011001
1661 s. 135. 10111, door. 110..
10001010100010 001111οΙ1 000101
1517, Τ. 19, 110, 51. 111. 10001-
000 111 8110101 01· 0000010101
1861 0131. 111. Peterson 111
11101011 og 11011000 1881 0.
181. 111. 10001000 1110010101οη0
01101 1100011001οτ 1111000010οἁ
1881 0135. 10001100 11110100
1881 0141. 80100000 11. 1
11000010 1880, 1881, 0128, 138.
111. 80100000 1., 00 1001111.
80100000 1Τ10100 1881 0140.
7110000-111000010 1880, 1681,
0111139.

1111101100011110101 1 110110
171.

1111101, 111. Augustinus, 11111001-
1001011 11001, 01101800001· og
11010011 1661, 0188.

11001000111110001011·0110191.

11010111, 011101, 171. .

1111000, 111. 11000 0001101000,
Proust 1110 101001001681 0.
150.

1101101, 0101100111, 5.

10110111 8010 ug 81, 1100010101 .
1101100, 116, 86.

11011110,101110110110111011,
110010, 1110001 1860, 0.11. 111.

ι 111011, 1380111101 1876, 1877,

0. 21, 14-18. 11011, 100001
1377, 015. 111. 111110, 1380,
01 11111010 1371011, 15. 1100-
0010, 1877, 015, 17. 810001 ’
10000100000, 010111 1111011 1376,
1377, 0.11,16. 1011, 110010-
000, 000101, 1876, 1877, 0. 24,
15, 17. 100100001001011877,
015.

1000110101 114. 8100011ςο 10-
001101οτ0 01111111011010 110101-
10100105.

100100, 111. 01001, 0180000101
og 1101000 1861, 0188. 111.
10000000, 0111011101 1681, 0.
131.

10010111, 10000, 111 1111100011
0111011000110, 1111110- 011100-
001111000, 1000000010001 11110
1800, 0186.

 

