1523, 9. 56, 65. 8133391991999,

1660, 1661, 9.122, 129.
11931119, 61919 8939, 19191939

1191191, 103, T. 19. .
11931991, 11191918939, 611111

flama, 911. “

119191,19919, 1111, 110. “

1919919191 163, 186, 296, 218,
219, 271, 279, 292, 309, 921.

- 8191 9991919 911139191939119-
1139 93 9913911139 199, 161.
199119191 191, 191-181, 901-
909. 11999 19191919199 9191
1199911191 (9911919199191111919
19199 93 999311911199911199919-
11119199, 1199911993191919.) 179,
189, 221, 221, 302, 301, 906.

119131111, 61919 8939, 9911931119.

119131111,8111919193) 8939, 119-
1919199 1191191, T. 67.

119119391919 83, 77.

11991, 031911999, 111. 1199919-
191999, 1 19919199991 1661, 9.
193. 111. svend 19191999, 01
1191919919 93111191913 1661, 9.
191.

11999, 1199931, 193, 1931319,
19, 111, 6911999, 1111991931 1 1991,
99 61191191. 11193) 1 8199913
1282, 9. 7, 9. 919311 119913,
9911911319. 199911 091 1529,
9. 65, 69. 1999111191119911
1519, 9. 66. 199919911, 9919911.
191919999 151919113919. 19-
191999 111999 1661 9136. 111.

11991999 R. 111 81199919] 93 ,

819993, 1199911 11991199 1191-
191 1661, 9196. 111. 69119199·
999111 8191999939, 9991919119.
111. 6999199999 111111911931, 99
1119119. 6999199999 11119993
1661 9110. 111. 6119999111
1311191199 93 0191193, 1199911
193199 1191191 1661, 9191.
1119191999 3111 19199199 1962 9.
150. 111. 1111199911. 111 8199·
1199 93199391 1601 1132. 111.
11111999 119919191191 1861 9.
193. 111. 1119999 1 1111919191
1569 T. 61. 91. 1119999111 Bo·
19111 11119913 1666, 1661, s.

122, 195. 111. 9199991111919·
1999 16619130. 111. 1119999
’19391911 111 999191 93 99191
113919 1691 1131. 111. 1119999
11181191939 1661 1192. 111.
1119999 111 1191991, 99 1991.
1191391999 1 1191919391 16619.
197. 111.11913191999 1 81. 191-
3991611111 1191919199 1533 T.
62. 11999999181999 1991 9.

118. 11. 199999 1 1191991, 99Ι

19399911. 199999 1 1131399193

p. 11. 1661 9111. 199999 1·

9191199 1661 9112. 19999919,
1199911 1 1191919199 T. 19, 51.
1919319199, 1919991 1317, 9. 25.
19919999 3111 991919199999 T.
16. 1139999, 99 811199999. 111.
19193999 8919 1 119199 1991
9192. 1191999, 119911 1 119139

’ 1669, 9169, 170. 1119199199,

11999991 1326, 1339, 9. 15, T. 1.
11919999 1977, 9911319193, 0191-
999 1360, 9919939. 11911191·
999, 11993191911111911999, 1199·
3119991 1 [19111991 1661, 9116.
111. 0119999 0119391193 93119-
11931 1661 9195. 111. 19191999
111 19939199 931931999119 1661
9192. ’19191199 1 9119919 1691
9138. 111. 19991999 1191111111
1199 111119 11119913 1661 9.
195. 111. 89199999 019191 111
1191991911561 1. 135. 119199·
919999 1111111193 9319193 1961
9195. 119911119999 3199 191·
99199 1962 9150.
1131 11, 58, 59, 72, 79, 91, 85,
97, 101, 113; 278, 261, ’1.18.
119, 119, 0119 8999919119, 191
1517, T. 18, 69.

11911199 6119199, collector 1319-
91911999 1512, T. 17.

19391, 111.119996119999,119119·

’ by 3199 1191391 1661, 9190.

111. Thomas 6119999, 1111119191
93 19111931 1661, 9131.
193191, 111. 1999 69119199999,1
1991913 1661, 9191.
1911193, 111. 19191 191399999
119391991, 111 81999193 1661, 9.
199.

’ 191

19913119, 11111, 111931 1 11911111, 67.
1999, 19919999,19991 11911.
17999, 199, 19999, 1991111991,
1111991931 11991 1282, 99 11199;
1136-1110, 99 Lamum 1189,
99 1119911931. 11, 111931 1 0119999
1282, 9. 7, 9. 19191999, 9193
1019999, 9999119911. 111, 111931
1 19911119, 99 1139913. 1, 111931
111199 1320, 991199. 11, 1111·
191999 1111119991 91931 1 11199
1976, 1977, 9.21, 26. 119191·
999), 119991 11911991 1529, 9.
65, 66. 1999119919911529,
1. 66. 19991 1 1191111931 1529,
966. 111. 1991199999 (en 11911
991 1913911911 1999, 1911, s.
21, 25, 26. 191919999 1376,
1397, 99 11191. 111. 19191999
11. 111 1919199 93 8999199 1661
9131. 111. 19191999 1 11191-
991191 1061 9131. 111. 19191-
999 111 119931 93 119119913 1981
9135. 111, 19191999 1 999991,
119991 1 991191991911391661,
9. 116. 1199199119 1519, 99
1111. 111. 1191191999 611199 111
111999131661, 9196. 1119199·
999 1523, 99111919. 11999919·
sen 1991, 191 1999, T. 3, 1.
111. 6999199999 1. 1 8191999-
11939, 991919913. 111. 6911-
9199999 111 11119193, 119991 1
6191193 1191191 1661, 9131.
11969119199999, 1199911 11191-
herred, 99 6191911931. 111. 6911·
9199999 1 091919911193, 99199-
rup. 111. 69991999991116191-
1193, 99119199. 111. 69119199·
999 111199 111 1993 93 ’191931
1661 9135. 111. 6999199999
1933919199111 19191391 9311193·
991 1661 9135. 69119199999 1
19199131661 9199. 69119199·
9991619911 1961 9110. 6911-
9199999 1119193 1661 9112.
6119999 1 stege 1961 9198.
6199999 1 191999 1661 9112.
6119199, 699911109911 1 019·
91111 1692, 9. 216-218. 111.
1119191999 31110919 1661 9130.
11111111, 1999911971, 9. 25. 111.

14*

 

