114·

11111611, 9111. 1660, 116166111-
66666111 1661, 6122, 161.
161361116 58, 59, 76, 85, 97,
101, 123.
1613666, 1113616161 8131, 8111111

661166, 95.

16131116, 11161113 8131, 6116113
661166, 65.

161161, 661111113 13 61611161
161, 1317, 6. 25, 17.

161, 66 1111166.
1116, 661636.

16111616 13 11661 1611 86116
maa 61 113366 11 8116611616
61161 1111111361, 15, 87, 98, 99,
115. 61161611661 skal 66111166

161611361 13 613616 6116, 98,
115.

1611116113, 111161116611661661,
111 1111111613 1316111613 1661,
6. 136.

1611161, 1611611116, 111-
1611, 16116, 116, 61. 11-
661661 111 1611616 13 66661111
1661 s. 132. 11661661161111
1661 6111. 11661661, 163-
11116 111 136661661 1661,
1117. 6661161661, 611361166161
1 ’1111616111611 1661, 1. 118.
61. 116166161661 111 11111136
1661 1132. 111611116161161111

, 1116616616133. 6161111·
6161661 111 11116 6361661361 1661

1. 133. 611161616611 1611161113 “

p. 11. 1661 6111. 6166161661,
611361161161 1 61116116166616
1661, 6. 118. 6161661 1 816111113
1661 6111. 61. 61161661, 66
116661. 61611661 1 8111361111
1661 1138. 61. 616361661 W.
111 11161113 1661 1131. 111.
611661161361116 1111616 1661
6132. 611661 19611113 1661
6. 111. 1111116111. 11116111661
1. 112. 61. 661111661 181111·
1161166 1661 6132. 111611111-
611161, 66111166111111. 111. 16-
6111661 1 61666161 1661 6130.
1616661, 1611611 1161616161·
1111161161 111611161616 1111161161,
6166611320, 11161111 111661 1316,

611, 15. 111. 161661 T. 1616116-
1161166 1661 6132. 61. 1611661
1811611 1661 6131. 61161161
11111616 1118611113 63 8116113,
916111161661161166 1661, 1136.
161161 8. T. 1111611311131661
6138. 16116611 116166 1661

1. 110. 11616611133113. 61. ,

1613616611 11111113 111 8116111136
13 61611666, 911161 1 8116161166

, 1661, 6130. 61. 11611161 111

611 181161 1661 1117. 61.
111166616111.11161161361,911161
1811661611661661, 6133. 1616-
661161116116166116 1661 1. 118.
1611611661, 11111161 1326, 1311,
6. 15-17. 61.16161661,1111111
1 616616161, T. 22. 61. 1166661
1111111111 13116111 1661 1. 182.
61. 1111161661 111 16116111 1661
s. 132. 61. 1111161161 11116111-
116111 1661 6131. 111. 1111·
161661 1 11111111, 6611166166.
111. 11161661 111 66116, 66111161
1 1166616161 1161, T. 38, 39, 69.
61. 11161661 1. 61111116111861661-Ι
11116111 13 861661116161 1661
1131. 61. 11161661 66116116 111
11161161 1 81611113 13 11166
1661 6132. 111. 11161161 111

16111 13 11611111, 911111 1Ι

61161161161166 1661, 6. 135.
11161161 1 11661166 1661 1. 131.
11161661 1 116116 1661 6139.
0116611, 66111166. 111. 96661661
1111611611161136611111661 6131.
96661661 1111136166 1661 6138.
96661661 1151111 18111161161113
1661 6. 112. 6191161661111
8161611111 161116 1661 1. 132.
61. 91161661 11111113 166 6161
1661 1135. 96161661 16113-
61661661 1. 138. 61. 6161116661
1111116111 1661 6132. 1111-
1116661 1611611111 1661 1. 111.
61. 8611161661 1. 1 116 1661
6116. 111. 86161661 111 1161161
1311611161 1661 6136. 61.
’11111666111111616113 1661 1133.
61. 1111116661 111 116166 13
311661111661 6131. 6111111-
111, 66 8161.

1111116661, 11. 111116661 Ι. 1
6111611 1661 6138.

11111111, 11116, 6116111611 11116 ”

1136-1110, 6. 31, 38, 10-12.
1616611161661, 6111161116 1316,
1311, 6. 21, 26.

1666111161, 61. 1111166 1166-
1116661, 111 111111 13 61166111
1661, 1135.

166113 29, 31, 35, 51. Ex·
poditio 11611116 15.

16111, 111111, 1111111 1861, 6136.

1616616.

16111161, 61616, 66116166661, 61
1611113 1111, T. 12. 6611616,

’ 61116361611110, T. 19. 11661,

6166611360, 1. 21. 61611611,
6166611360, 6. 20. 0116, 1181,
1151, T. 19, 25, 26, 68. 1111116,
1377, 1. 25, 21. 111111, 1117,
1136, T. 12, 18.

1611113139.

1111113, 11116161116661, 111
1161111 13 11131166 1661, 6136.
11116110166611, 111 6116 1661,
6131. 61666186161661, 1
11161611116 1661,1.131. 61.
1111161 8616116116116611161661,
6130.

161, 66166 61113116166, 10,11,
22, 29, 11, 18, 55, 51, 61, 63,
72, 71, 75, 77, 81, 86, 96101,
112, 118. 9111616118, 53, 61,’
78, 88, 99, 100, 101, 116,117.
661611136161 81, 90, 107, 118.

1616, 16 61111.

1611111616 13, 21, 26, 271 53,
58-60, 73, 85, 87, 88, 97, 99,
105, 107, 111, 116, 119.

16116, 11161611, 116111 16111161
1661, 6161, 175.

1616116,161616, 61161.,’ 1 111-
1113 1661, 6111. 11. 111111
1116166, 911161 1 1116661161166
1661, 1131. 61. 11666 196661·

· 66111, 01 611166166 1661, 6131.
61. 11166 1116111661, 01161661
13113611 1661, 1. 132.

16111, 11. 11116 86161661, 1111111136
13 66111136 1661, 6132. 61.
51616 86161661, 1111113111 13
111636 1661, 1. 135.

 

