47

11111111111131 111111 11111 111 Η111 111 3111 1111 111. till en 11111 11 1011113
11111111 0111111111 try 1131, 11 111 111 101111111111111 1011 1111111 xx 113
jwle 1111Η11111111, 01 11111 1111 111111 1Κδ1111111111 1111111111111 1111111111
1111113111 1111131 111111 81111311 11311 11111 11111111 111111131111111 1111111111
111 1111311 riges 1111 1 1111111 1111 1131 1011 sancti Michels dag 111111111111 hiid
1111111 11111111311111111131111113111 01 11 herro 01 1011113 111 111 11111111,
01 111 wii nw hiid 11 111 11111 111111 111111 01 111111 1111111 111 1111113111
11111311111111, 11111101 31111 111 81111311 113111111 1111 111111 1111, 00 10111
11 1111111 111311 111111 1111111111 1111111 11111111 1111111131 111 111 Τ1111
Τ111111, 111Α311 1111111, 1111111, Κ111Β11111111 11 Lindorm Βίὃ1111ὃ1 1111111
11111 01111111311 11111111 111111111111 113111 110111 111111 11 81111311 riges
weygne 1111111111 1111111111111 1111 nw i 1011111111111111111, 01111 1111·
11111 01 11111111 1111 11131 11111 01111131111111113, 101 11110111 311111 1111 111-
1111111 1111113111, 10 ey 11311 10111131 wal 11111111131131111 11111111111
1111, 1111 111 1111111 1111111 113111, 11111 111 till 011. Τ1111011 111111 two 11311
1111111011 00 1101311 ,111131011θί13 11113111 00 11111 11111 00 11111111113111111
1111113111111133111111311113 1101 011 ey 111311 awo 1111111 1111 11 11111 01 111-
1113, 00 11 wii fult 3111 1111111113 11111111111, 1011011111111111111113111,
1111111 wii 1111, 101 111111 aff Danmarck 00 111131 1111111131, 110 1111 101111,
11111 1111111 11131 011011111111131 1111 11111 111111 11111111 01 11111111 01

111 111111 1011 0111 11111 11111111 00111111110110113101111111111 1011113 cri· ’

1111111 111111 111 Hans 111 3111 1111 111. till 11 1111111113 11111 01 1011113
1111111 1111 1111111111 01 1101311 11131. Τ111 111 1111111 111 loffuit 011 11 111111
tvenne 11311 011111111111331111 111311 11 11111 1131 wid 1131111111 1011113-
1131111, 11111 3011111 alle 111111 efftherne article 1111111111131 fast 10 1110111131
11101111 alle 1111, 101 11111110111, 11 1111 111110 01111111 11111111111 00
111 111 111, 11111 gud thet 11111, 11 101111111131111111131111111, 111111 01
30111 111 81111311 11311 1111 111111 1111111111 01 11111111 hans 1111 111 011
1011 111111110113 11111 01 1011113 1111 81111311 1131, 111 1111111131111111111111,
111111 01 1111311 them 10 1111111 11311 11133111 1111 111111 efftherne article i 1111
1111 1111111131 11 1111101111131 1110111 1111111 111111111111 11111111, 1111 1113
11111 011111311111111111 111111 113111 1111111 1 alle made vforkrentte. 011111Η111
1113111 1111 11111111, 1101311, 11111111 00 (1011111011113, vdwalder 1011113 till
8111131111311111131811111131, 001 Ηο11111, 810111111 01 111111111111111131, 3111111
1011111013 00 Delmenhorst 1111 111111111111301 3011111111, forne 111111 two rige ¹
0111111111 111111, 10111 01111111111111 efftherne stycke 01 1111111 11111131, fast

· 101111111111111110111 11111111111131131 111, 1111, 111111311 01 3111 11οε 111111

11111 wele 10 111111 11111 311 0111 111 1113 01 11111113111111 01 111111 111111111

 

