185

17.
Inserta for 1100111010001109111, (101. 2110016701.

1001000100 001 1100010103, 1000 011100 wi Christian 1001100110 010. 01100000-
03010110, 0100010 Α100100111010 Collegium 00101 101001100 00 med 100 vedkommo'nde
100001010300,101111 vj 001001010011101300100 000100, 100101100.

1. 110010 11130 Admiral saa som Praesident udi 10110 (10110310, 001 011 1000
10000001000,81031000 01100 001001003131001011, 1001 som 0001 hannem udi 000000
(30110310 00 (000 som 00 00010 (1000001 11001001), 00101 111100011 0000 om 0000101300
001 om ’1000103000 1000130 ordinarie, och bollers 000 11100101100010101010110001000,
01 1010 0000000101ἀο 0000113000οἰ00111001800110310 1111000010010 11001 001Αο000-
00000 1111113 01 1011100000 0001111, huis 00010 110010 001100110 860 110101 kunde 001-
1000000 00 10001 dependeret, 00 01000 0113 10010 1101103101 (100100001000, Οοο00110110000
00110010110οἁ0100001010300013113100100011 ’001800001001000 0011031] 10110 1010, 1000
011100 10 0110000110311101100103, Μο00103 00 Βο100010010 001000010110010 80300,
0000100010100311010, 011Ρο0000 11001 100101100 001 01 Α100100111010100100001001000
til 01100 00010 0110000101. 1100010100 1010111100, til huilcken 10010 01100 001001. 1101101100
0111100 01 100000010010300Ι om 1000111030011100100 nj 010000011301 01110 10100 10-
011301. 01010011030000000000103010001000000 1000 0101111οο, med 0010100 1001
00011030ωο 8003101 01100 00100 1001130 0100113003011301111011 10011300 001001101001,
100 011000 0100 00101113 Αο000300 013 100100 001100300, 01101 1003 0010100 00 00000 111
1010 10 00100 udj 100010000001000 0101101 03 31001 101000. 2. WorisAdmiralitet 00101

110113 1010 013 000101100100000000001100, 1001010103 0011000000103 000000 0030103000
00 1113113 100000 Α31 31100,0110010 000113 000310 00801110 0111001111100010100113101

0001001110301, 000 00101 10 Skibe, som wi nu 101000, 011 300181001 0010001001 ’
1130 101100, 1000130010 001000 0100010110010 mod ald 100010100101 011100 1100113101
0001001000101001000101111110001010100101 0000010000 0001Αιο000011100, 8110100,

10001001, 01100000, 10010 10101, 801110 801101100, 110000001111000 00 1001 011000 .
, 100111 110, 101101001001030ος 001 000 101 100 011 00010110001010 10010100 kunde

befordres, 00101 0000 01100000 0011010010 pao. 000101031000’(01000100 1000000001010
anenno 00110300)ιο000010000 001 000010 10110010 pan 10001001 Ηο0001 00 1101300001,
001001100οἰ0 110010 001 10000000 (1130 00100010 1101000 1011001100), 010010 00100 000010
1101011010 00110310, 001100, 000 offte 0000 101 (lennem 10101100, 013 1001011110, 000001
00010110100111010 00100 01101100010110010 00 810100110110000000010 effterlefuo 00
013113 1100000010 8011011θο 011 00010 Α10010011101 100011000010101110011300 1010000 01000

¹ 10000011000103 101 10111 oqq.
11 0, 10. 0000).

 

