86 666666666166616611-6666611661646666

Stoinburg 8161, 1. 76.
81666666, C. 0., 0666. jur„ 11.
81666666, 0661666666, 1. 61.
Pru. i Appell. 11., 11.’18. 68.
81666661616 0666666666666,
11. 68.
81661666,Ρ6ο1., 1. 81.
6116666666, 1 81616163, 1. 8188.
stipendiarii 666 66616616, 1.
10. 18. 23. 84. 82. 11. 86. 28. 81.
81616666, Grave, 1. 67.
8166661166166, 11. 8. 81166-
1666.
61661666161161 Archiv, ll. 6.
61616616166 8666.1116’1.,1. 76.
6166666666, 11. 6.

816666, Ρ66661, 11. 46. 68.
8166666166 Bru-Sam, 1. 80. 62.
66. 66. “

stadum-Saga. 11. 68.

816616, 111), 1666666666, 11. 40.

816116, C· (1., Mag„ 1. 33.11.
34. 86.

616366, 816166, 6. 11666666.

81661666 81666, 1116611666, 181. ·

8166616666666111166166, 11. 44.
86666661666-166161666116666,
1. 43. 44. 60. 66. 60. 61. 84.

86166,Β1661, 166661, Ι. 68.
6666166 p. 11666, 11. 81.
8666111-16616661, 1. 78.
8666666116, 1 81616166, 11. 18.
86666666, 11. 11.

66666666, 016, 11. 36.
66666166 Η1616616, 1. 46. 11. 47.
66666166,11. 11. ’
86116666 1116166, 11. 33.
86666666666166 Η6616666,11.6.
86666666, Ρ6666,1.161636, 11. 33.

’166661611 61666666, 1166.
Tang, 1116166, 11. 46.
Tegneby, (86166661), 11. 84.
1611666666, 64666, 166661, 1. 88.
Tengberg, Mag„ 11. 83.
16616666166, 6661663666, 11.
44.
1666666, Sam„ 1. 66.
16661661, 1. 80.

111616, 1116166, Ptol, 1. 81. 11.
68.

116166-166166611666611666666
Ant, 11. 6.

’1161666νί6666 0666666, 1. 40.
6411. 17.

1116161111. 88.

11666666, (1. J„ 1. 88. 11. 60.

Thonning, 466666, l. 81.

11666611, Mag.,.11. 86.

1166616116, (1664661166, 1. 6.
40.

11666666, Ρ. 11., 1661, Ι. 81. 11.
11.

11661666, 11661, Prot, 11. 46.

1666616136166, 1. 68.

1166161666, Prot, 1. 66.

1166666, 1. 6811. 68.

Thy, l. 46.

1616666166, 1. 38.

Topogr· Samling p. Perg„ 1. 17:
64. 77. 11. 7. 18. 48. P. 86616,
1. 64. 66. 11. 8. 13. 81. 43. 66.

16661661666, 1. 40. 48.

1666666, 11. 41.

1666, J. P., (1616.-Ε16166.,1. 68.

1666616666, F· 1., (1166.,1. 61. =

Τ666666666116666,11. 16.
16666, 066166616666166, 11. 68.
’161666 11166166, 11. 18.
161611166166, 11. 41.
1661666, 11. 44.
1611666-1166661661661, 1144.
1611666, 11. 88.
1666166, 866616666361666, 11.
67. ·
16661661616, 1. 44. 11. 67.

11666616661616166161, 1. 818.

26. 68. 88. 64. 66. 67. 6868. ·

66. 70. 78. 11. 8. 20. 28. 38.
68. 66.
11116161, Ephe, 11. 36.
1111616611, Thale, 1. 46.
11116666, 11. 81.
1166661661, 1. 88.
Ussing, 1161166666, 11. 8830.
46. 68. 16. 1.,Ρ661, 1. 68.

166616616166, Grave, 1. 28.
1666666666, 461, 11. 23. 36.
1616666666, 1116166611. 8.
16116, 1. 66.
1666-166166616616.46616.,11.37.

1666666666, 6618166616118.
66.

1166166, 11. 41.

1661616666, 1. 48.

166166616666, (16666, 11. 36.

, 1661161 166666πί1666, 11. 60. ’

1666661666, 11. 66.

1666666661. 81. 66. 11.

vodel, And. 866, 11. 88.

1666181666666, Confi„ 11. 7.
18. 88.

16661, 1616666616, 1. 74.

16616, 8166. jun, 1. 67. 68.
80. 11. 10.

1666666, 1161646616, 1. 8. 8.
16. 18188888814844.
64. 60. 63. 66. 67. 71. 78 83. 84.
11. 8. 31. 88. 38. 88. 48. 43. 68.

1636666, 11166666, 1. 88.

16116666, 11. 38.

16166166,.16611166., 1. 87.

1666616116, 1. 80. 11. 21. 68.

16666116, 11616166, 11. 88.

16616611, Confi„ 1. 11. 88. 32.
40.11.41.

166616661111616166,11.48. .

16616616116, 1. 68.

1611161661, 11. 11.

’ 161166, Dect, 1. 4. 11. 33.

’ ’ 71666386, ιι. 6. ung, 66 6ο.
-1166666166466111661166, 168.

64. 66. 67.
11666166166 61 4661616616 Em·
bedsmaend, 1. 66. 11. 8. 18. 30.
11666666166461666, 11. 17.
11666616666666666 466666 111
1161616616, 1. 8. 10. 20. 8844.
67. 68. 78. 11. 10. 81. 34. 46.
67-68.

11666616661166 116666161666 ’

166 (16161666, 1. 11. 81. 88.
46. 67. 68. 81. 11. 11. 88. 36.
47. 68-60.
1161611618166666, 168. Ι
1136661666, 1. 61. 88.
111116166166666. 61 1166666, 1.
68161666 61 1166666, 166.
1111616166 116616, 1616666666,
11. 81.
vilhelmino carolino, ’666-

66666, 1. 66.
111666, Phil, 1161666, 161.

 

