84 11110197660116 Ancmv-mnnnssrmmnk:

116616 Elisabeth, 11661, Ι. 69. ' 11161666, 11611666, Ι. 80.
116616661616166161, 196. 97. Ι 11161666, 0161, ΙΙ. 99. 416968.

11161666,8166.11., Ι. 46.
66666661616, 466616, ΙΙ. 48.
Norge, 1. 60. 68. 90.
11666666, 0661, 1. 81.
1166616 466616611666 0616666163,
116111166666, 8116, 1.30.33. 16. 169941. 44. ninom,

96. 49. 64. 60. 66. 77. Π. 7. ΙΙ. 994169. 1631616663 Τ6ς6,

14. 19. 94. 90. 49. 60. 66. 89. Ι Ι. 40. 70. 11. 60. 8116616661.
Mam ‹10 ι. eade, 11. 66. Ι 66. 6. 6. 66. 6. 66.
116611666663, comm„ 11. 60. 11616611 publici 1166666611. 16.
116611666663, 666,, 119996. 1116611. 49.

60. · 11166666, 11. 91.
1666611166,6666.,Ι.61. 6161666, ¹.. 6., 11. 6ο. 66.
1166161116 pro 6661116, 11. 90. Ι 666611616866181666661. 69.
11661161666,66166066.66(1661ι, Ι 1166366666,81366686666161.

98. 66. ΙΙ. 6. 91. 99. Ι
11666116, 1. 16. ‹
11666616, 111166, 1. 66. IL 69.·
11661161, 0166ςὸ (1611, 1. 66.
11616166161 1690, Ι. 61.

46611661, Ι. 94
116116666666 11161666, 11. 69.
666661616611613666161661144.

Ι 11661666, Ι. 40. 49. Ι
Ι 116666-11116666. 11. Ι

· 77. 89. 11. 7. 19. 90. 49. 60.
6669.

1166616 4666663, Ι. 90.

16666661, Fam„ Ι. 6111611, 11.
17.

16666166-14161616666, 1. 19.
91994966.

Pronus, 1661, Ι. 46.

Pro 66661116, 1166661611161, ΙΙ.
90.

166661, Ρ661,Ι. 80.

16661666161-1163166,16161,Π.
6.

161661611616616, 116661, 1146.

ε 161166666, 11661666, Ι. 89. 11.

11. 6.
1616166666, IL 47.
1661166166, Digt 61 J. 166616,
Ι. 99.

116666611661Η616166, Π. 61. Ι 066666,18111666666666611. Ι 066666,Κ16666,166.81.Π.19.

11161661666666611661, Π. 60.
111616166161-46611666, 411666-
ring 666166111 061. 4666, Ι. 4.

17. 1111666166 86161. 1. 11. 99. 44.
Ι 0116666, Ρ6666161161οι16,Π. 99. Ι

Ι 01611, 8663666, ΙΙ. 6. 19. Ι

0666666661) Kirka Monam.. 11.
17.

961669816616974. ΙΙ.4. Ι 01666, Anum-‚I- 67. 1166166, Ι 1166161611, Pron„ 11. 91.

6. 10. 17. 98. 40. 69.
Modum, 11. 41.
11616661, 066, Ι. 10909199.
44. 46. 67. ΙΙ. 98. 41.
1661116, 46. 11., 06666, 161.
76. 77.
1166666, Β161., 1116, Ι. 10. 99.

1166666616 116166. 6661111. Dan„
11. 16.

116616666 (8616661), Π. 94.
11666, Kongl. 0666 666, 11. 91.
116661, Ρ. 4., Ι. 98. 94. ΙΙ. 47.
11111166, Ρ616666-, 1. 90-91.68.
ΙΙ. 99. 94. 96. 46.
11666166616 41616666, Ι. 11.
11116166, Β6111., 11. 6. 11., Ι. 40.
ΙΙ. 4. 90. 16611166, 1. 40. ΙΙ. 4. 6.
1161166, 11116.,,Ι. 46. 67. ΙΙ. 99.
1166166666, ΙΙ. 9.

9666611. 9994. Pmoun, 1.· Ι
68. 11. 19.
016166361666611666, 1161666, ΙΙ.
18.
¹ 0161666,11666116 (Krognos), 11. Ι
49. “
066166661916666,ΙΙ.94. 1
0616116, Grave, 11. 9. Ι
Ι 0616666666, Ι. 94. 11. 69.
Ι 066661, 1 Β616661, 11. 94. Ι
Ι 0666616661. 10. 90. 69. 67. Ι
11999468.
06666616-466116,16161,ΙΙ.16.
Ι 06666166, 66611. 8011. 10.
Ι 066, 1161116 1166166666, 1111. Ι
Ρ6666, ΙΙ. 17. 81666111. 17. Ι

Ρ6611661616-Κ66666, Ι. 67.
161161, Π. 99.

1166666, 066.,Ι. 74. Ι Ρ666,466166,1.66.
ι 1661661111666 Bog, 1. 68.

11616166, 466116, ΙΙ.6 ξ Ρ6166666, 0666. mag„ (66
1161661666 1.,14616, Ι. 79119. Ι Nom), 11. 99.
1166666666, 16636666, 1. 99. Ι 911Ιί6666, stud„ 11. 94.
11611666] i Bleking, 11. 49. Ι Ρὶ6666663616 Tractat, 11. 6.
Ι 16661661, 11. 46. Ι 1166666, 0666611,1.10. 11. 18.

1166161666, 0666. jur„ ΙΙ. 99. Ι 94. 90. 96. 69. 60. 64. 66. 76.

11616, 06616, 1. 94.

1166666 1166666, ΙΙ. 98.

11661666, Fam, 1. 45. 116666.
L 60.

9661666616 Archiv, 11. 6.

1166666666, 11611, 0666. 11661,
1. 80. ΙΙ. 10. 99. 94.

Β666666666,11611,Ρ661.,116ς1616.,
1. 6. 8. 19. 17. 18. 94. 99. 90.

’ 41. 49. 47. 48. 66. 60. 64. 77.

11. 7. 19. 14199049. 64. 69.
11666, 01666, 166.
11616666631666, 11. 17.
116616, 0666611161, 1. 81. tht.

1. 80. 11. 10. 991166119661,

² 11. 66. 66

11666666, L 94.

1161616666, ΙΙ. 0., Ι. 11. 69.

1163666666, 1116166, 11. 19.

6636666663616 Archiv, Ι. 99.
69.

863161666166, 061. 4661616616,
661666 og 166666. 111 aye, 1. 7.
8. 17. 99. 69. 64. 76. Π. 7. 8.
19. 19. 80. 91. 49. 49.

Regium-ator, See: H. 11666666,
11611 1166666666.

 

