311

Ρ1616661166 16116 6116116 66116 11616161616611611616611661 11116 1611111, 1111361661
hvis 6661 161666] 6616166 8666166 61116166161616361 63 1611661161, 611616 maa ingen
61 dem 6116166 6661616161 61616116 11636 1111136 61161 6166 Ρ161166166 6166 16116
61161666113616 01116 61161 1111616166. ’1. Summe 1116163666 111 611616 1616616161
voris Τ16661616616161166161 1611611116631, 61161 1161163161 066161661161 63 06666116-

· 16661161116616111161666616 16116116 6111111136 011166 616166611361 16161116 16116

61161661611661361681111661163 63 Β61666116616 661111 66 1111613116, 61161 63 6161, 1116

, 16 661161161661611661361 616316116161166 111 16116 ’116661616 61161611636 61161 61 161-

6311136 613 616, 6616 6116666666 6111111113 111 16116 61161666113616 11666161166 6116166161-
166136161611616111166. 8. 11661161631111, 1116 6616 61166 611616 8666166 61 1611616666,
praesenterisj 06116316 61866161616166 63161161 161116 61 0616661616 16116666616
86361 63 16661616361 611616116 66166111061661610166611161 61161 til Renteskriverne

til Registering oller Expedition, 111661 61 1616161 11111366 611161661611161616163
661163161161 consultaret, 6666161166116161161 611661 6166 8661111316 1116661161, 6616
616 11161616, 1666111 udj 06116316 61 16316116 66 66116, 1661 1616116 61 vj om 111 61161
116161 66366 6161 01116 111 16116 016666166166161 1666116 613116, da 116111 161 63
6116666 6116616161 6316661161. 9. Η161 61161666166 16163666616 061163161 116111616-
- 116661 6116616116 ellerj 06116316166611611666161 16 111616161116166116 Haender, 6161
63116 atvaere 1136666 1611166666 661611611616616611611666161, som ej 1616116111
1611131611611, 11116116 63 1111616111611616163661136 1661631136; 163 61161 1111163 6161-
116 udj (16116316 63 161116 6113616116 611161 (16 1166616 11161616161661611616, 6661 16 ej
6116 616 6666 6166666616. 10. J 611361116116 61618166661166166 ej 61166661616160661·
1661 (16116311 866161616166 16116 611111131166616316116113 631661 16 161661661611611161
61161111661] 1161666166, 1161 61 16 11661 1616 613 3116 06616661618661616161666
Η6661, 616 16 16116316161,631161 1616116161166111316 61161, 611661 66161 06616161-
collegii 86361 63 8661616161666 116661, 1616616 1616361 611616616116613616 Μ6616116161
631111166116361 6636116616, 6116161 16116616, som dom 661616111161,6161116,1111116 (161
1616116161 61666 6116166166 11666163, 631661 61161 1611616 1111666116 61661161·
666166 16116 611616616116613616 Β61666116616 1661 166 11313616 116166661111136616161-
3116, paa det vj kunde 1636 1666616 11661 1161 66116 udj 61666616 61161666113616 (166-
6116161166, 63 611161 161, 6616 (161666 6166 61161666113611666116116, 6161111616 af 166-
6616 6661111136 6113616116. ll. 1161116111 63 611616 61111 61161 6661161 61 (16116316 11616
111663161161166111161,1661 66 61 1661 161166166, 66161 616 Β6611111636 1611616166
61 16116 161161366, 1111116 161 16161 16161 66166 udj 1136 6116161136116661631661
ham. 12. 11661161611161161,163161161611661116 1161616661, 63 66186366 663661 ,
66366 61 collegio 6611 63 1666 16611116 61161 1666 61161 hans Η6611616, 66166166 61

. 111 61161· udj Live, 661 81631 63 1166661, 6616 111 8116111616 11116 166166116 66 816361

udj 11368161, skal 1661 66116116 61316866616666,16111161111161611 111161 1611616161,

 

