134

1111111111, 11111 111 og Sogn,
111111111111111111, T. 16.

11111118111111111131, 85. 1111-
1111111153.

6111111111, 110111111111.

11111, Christian, 61111116111101,
1881, 1. 129. 6111111111, 1111111-
151, 1660, 1861, 1.122,128.
111. 6111111811, 111 11111111,
11. 11. 111111111818-1661, 1.
120-122, 128. 61111, 111111111-
1111, 111111. 1559, s. 95. 11111,
1661, 1. 129. 111. 111111, 111111.
1523, 1. 85. 11111, 01111. 1523,
1. 66. 111111, 1111111111, 1861,
1. 128. 111111, 81111111, 1881,
1. 129. Lago, 6111 1111111111
1513, 1523, s. 56, 55. 111. 811111,
D. 11. 11., 1111111111111111 1669,
1881, 1. 122, 181.

111111, 11 111511.

Urup, 11111111 8111, 011 1111-
1111, 95.

11111, 111. 1111, 111111. 1536, 1.
89. 1111111, 111111. 1660, 1881,
1121128.

01111111, 11111111, 11111111
1531, Τ. 59.

1111111111, 0111111811111
111, 61111 11111111, T. 6, 25.

vaur, 11111111 8111, 8111 1111111,
210.

vadem, 111. 111111 1111111111,
111 111111, Torup 111111, Provst
1 111111111111111 1081, 1. 135.

1111111111111, 1511111 8111,
81111111 1111111, 260.

1111115111, 111111 P. 8., 1
111111111111 1681, 1. 112.

1111111111 11, 111111 (legislator,
11110111), 6-11, 13,11, 16, 20,
26, 21. 11111111, Konga, flertug
118011111111111, 15, 18, 20, Τ.
1. 11111111, 18-20. 11111111
1111111 1282, 1. 1, 1, 9. 11111
11011111, 11 1111111111.

1111111111111111 1111111 1661
1. 112.

vulg 11 1111111 og Praelater 18,
58. 1111. 1111111111.

1111111111, 6111111611, 111811-

rup, 0. 11. 11111111111 1596, 1.
103, 109. Ε111,Εῐ1111111111111111-
1111111 1513, 1. 58, 61. 11111111,
111111. 1523, 1. 80. 11111111,
1881, 1. 129. 1111. 6111 svend
1111511111.

vallo 25, 21, 51, 81. .

Vauhyrding 1111 1111 111111
god 111111111 11111 1111
11111111, 18. 11111111 11111
111161.

1111111, 11111, 11111111111111111
61111111111 1881, 1. 129,

wandel, 111. 1111 61111111111,
1111111111 11111111 1661, 1. 133.

1111111111, 1111111111, 811-
1111 8111,1111111111 1111111, T.
11, 11. ¹ ·

111111 110.

Vardo, 111. 1111 0111111, 111

’ 1111111111 1111111 1881, 1. 136.

111. 111111 61111111111 V. 11111
1111111 1111111111 1881 1. 133.
111. 11111111111111, 111 1111111111
1881, 1. 181.

1111151111 211.

1111111111 T. 12.

111111, 1111111111111,1Ν111111111
111. 1861, 1. 111.

1111, 611111111111111111, 81111.
1136, 111111 1138, 1. 31, 38.

1111111111, stephan, 08.

111111, 11 11111111.

1111111, 1111111111, 1111, 111111

11, 1111111 1311, 1. 10, 11.
1111111111, 11 1111111111.
11111111, 111111111111, 1111111111,

9111111111, T. 81.

111111, 161111 111, 1 1111111151
1881,1. 131.

11111111 11111111323.

11111, 111111 130.

11111111, 111111111111, 11111111
11111111, 1111111111), 11111111-
11111111.

1111111111 258, 158, 281.

11111111,11111, 11. 111111111-
111, 11111811116111111, 1111111
1 ,11111 1111111 1861, 1. 133.
111. 1111111 61111111111, 111 81
111111 011111 1681, 1. 132.

11111111, 11 1111111111.

111111111111, 1111 1111111, 103.
1111111111, 111. 6111111111, 1316,
1311, 1, 21-26. 111. 11111111,
1380,1. 21. 111. 1111111, 1311, ’1.
18, 1111111111111111111 11, 11111
1111111 1111111), 1360,1.21.

11111111 81111 T. 23.

111111 111111111611111111111111 '
1861,1. 118.

11111111 111111111111111 323.

1111111, 11111111, 13111111881,
1. 111.

1111, 111111,1111111111111 1881,
1. 111.

1111111, 1111111111 111, 1 11111111
1681, 1. 112.

111111111 1111111111 68.

11111115111111. 18.

1111111111 1111111185, 68. Amt-
111111, 11 1111111111.

11111111111 og 6111111116111-
11111323.

111111111, 1111111111, 11111
1111111111, 1111111111 1111111-
hjem 1881,1. 111. 111111, 1
11111111111 1661, 1. 110.

11115 1111111 38.

11111, 1111111111 111111, 1511,
158. ’

11111, Simon, 11111111 111111111
1661, 1. 129.

1111111 9, 11, 15, 35, 85, 19,
91-93, 123, 139. 1111111111
10, 11, 16, 90. 8111112. 1111111
1, 1, 9, 11, 15, 20, 21, 2610,
12, 56, 65. 2111111165. 11111-
(1111112. 11111111 122. 81111111-
111111111111, 11 111. 1111111
81111.

viburg, 111. 111111 11111111,
111 6111111 og 61111 1681, 1.
138. 111. 11111111111, 181111,
1111111111 1151 1881, 1. 131.
111. 111111 1111111111, 111 6111111
1881, 1. 131. 111811111111111,
11111111 og vognsild, 1111111
611111111111111 1881, 1. 131.

111111111111 111, 118, 180, 222,
228. 11111 81111111 11111111111111
183, 181. 81 6111111811 Pars·
berg, 0111111, 1111111111.

 

