132

6111116161 16616111616111161
611111 1662, 1. 119. 616161166,
116161. 1616166 1 Vardo 1661,
1. 110.

1661161, 6111 1 1116611 1110,
11166 1 661166, 1. 10, 12, 61.
166166 pua 16166166 1662
’1.160. ·

16611111,11166166161116616
1 61661161161662 1. 119. 1661·
611166,6111161161161611161161-
11161 611161 1662, 1.119.

166116111, 61, 1661166 160116,
6161111161611161, 666111116111

⁸ 1662,1. 119. 1161111666111-
mand 661166 61 111161 1111111161
16621. 119. Ι

16616166166, 161166, Commer-

’ 6616611611 1 66116 1682, 1.
211, 216.

166116116 1111616166 116.

1661116166166116111166,616161-
161611 16111 11 11611 611111
16621. 119.

1661611, 61. 166166111116166,
111 6661161661, 61161166 61
1111111611 1661, s. 131.

166111161, 61. 01111166 111
6161616611116 1161116611 1662,
1. 119.

16611, 1111 161111166, 6. 6. 6.
1513, 1. 661111161161611166,

1). 11. 11. 1111, 1136,1. 31, ’1.1

10. 61161101611111161, 16161·
. 16111111, 61. 6161111611111661,
1133, 6. 61, 61. 6111116 01611-
11611, 61. 616116111166 66116-
11161161, 1183-1523, 1. 61, 61,
76. 61. 61111 11161166, 6. 6. 6.
1183, 1. 16. 616111, 1661, 1.
128. 6111611161, 666. 1183,
1. 16. 161) 11111166· 1377, 1.
25, 27. 61.,111111611166, 1163,
1. 19. 011111111166, 1138, 1.
’ 38. 1111161611166, 11. 6. 6.,
6161116616161 1 611161 1163,
1. 161111, 01111166, 11161111·
holm, 666. 1669, 1. 96. 61.
1116, 0611166, 111 6111166161,
666. 1616, 1. 126121. 1116,
01161166161116161166161111690,
1. 283.

161161111111.13-76.

1616616166 36, 116. 666 116.
611616166616611161. 611116116-
1661161111661111611111. 611661-
11661161661, 16 6161 11111. 1161·
611661, 1616116116 61111161 1161.
66116161, 11 11161 61611661.

161661611166 36.

1666111611, 1111111111 6616 61
611111, T. 11.

1166119, 12, 21, 87, 99, 107,
110, 265. 1161111111 22.

1116116 1 61 11 11 11111156, 72.

1161611116, 1616616611616-
61116616 6161, 61111 661161,
12612.

11161616 11661166 1616166611611
16661. 123.

1116, 6161611111, 89.

1116616 61111166, 166611 1377,
1. 25, 27.

1161, 6111116661, 611161, 661-
1611661, 6111161161 61 6611111161
66666661611161111661166116116·
166, 212.

116166161212, 251, 277, 307,
319

11611161 63, 67; T. 71-77.

1111611, 661116 6616, 6111161
611161, 80.

111111110.

1116166611,16116166116.

16611, 666166111666 11, 321,
321.

16111, 61. 166 61611166, 1116616,
11661161116111661111161 1661,
1. 117.

1611, 61. 0161 6616116116, 61
111161 61 6611161 1661, 1. 133.

16116, 616111, 31.

16111611, 1111666166166, 1
1161161 1661, 1. 131.

1611, 161111116, 6, 6, 10, 11,
13, 23, 16-60, 76, 97, 119,
151, 205, 281, 286. 161116111-
16166 323, 321. 1611· 61666·
111616661111161161161 16111111
321-326.

1611111, 161116111111, 1 6116-
11611 1661, 1. 111.

16111111), 61. 1116 6111166, 111
61611616 1661, 1. 135.

1661616161, 1661611166 1111-
111, 120.

1616116, 61. 61161166 1377 (111
1111616661) s. 25, 26.

16111, 1166661616111611166,
61111161161 1 ,11611 611111 1662,
1. 119. 1661166, 06611611111111
1 61116611 1662, 1. 119. 61.
1661166 111 6161111166, 1161·
1111116111 1662, 1. 116.

16116, 11. 61111 0611116, 116111 111
1111111111 111616 1660, 1661,
1. 122, 130. 61. 61611, 1611616-
661111 1661, 1. 130.

16161111611, 616111 66111166·
11616661 16616 1513, 1623,
1. 66, 65.

16116 11131. 7.

’ 1611611161, 1116111611 6616,

11616661 611111, 120.

16111161, 01661116616, 61116
6611611 25, 70.

Toxotius, 11611111.

11161116, 16166161, 616111661161
1661, 1. 161.

11166, 61. 1661 0167166, 616161,
16111611111,1661,1. 130. 11.
6111111 6.,116611161611 116611
1661, 1. 161. 111111,11611111,
1376125.

1116661611161616161,11616611.

11161, 1161, 6111161, 16161111
1661, 1. 139.

Trebonius, 1116111.

1111111611, 11161, 1 6116616611
1660, 1661, 1. 123, 137.

11616661, 1111111661161.

11116, 61. 1661 616166, 61 Vir·
11616161116611 1661, 1. 135.

1166661161, 61. 616166111116-
1161 6111661161 1661, 1. 133.

116111, 11161 11161116, 11166111
1661111116 1661, 1. 120.

1161166161, 661111166611,11661· y
111 6616, 1111616161661611661-
161, 120.

116116, 1111116, 61116, 1138, 1.
36. 66111, 161166, 6. 6. 6.
1669, 1. 95. 1161161661, 1. 129.
61. 6111, 6. 6. 6. 1613,1. 66.
1161161, 61 1161111, 1661, 1. 129.

j 61. 11666, 1523, 1. 66. 1161111,

 

