11. 86661 11161666, 111 16116 66 1
166161661161616 1661 6.181.

1616172. 1111116666, 66 (1111-
61166 66166611.

161661616611661661, 116616-
166111161,816116616161, 165,
166, 180, 186, 206, 211, 229,
217, 246, 256, 259, 271, 272,
274, 275, 278-282, 284, 285,
806-808, 828. 1661161161 161,
151-157, 162,191-201,810- ·
817. 8616 8666116166 161165.
11616 11116661816. 8616 86-
6161611 196, 810--812Ι ¹

166161611611161 285.

166161611666611161811. Ι

1666616661611666611652,58.

s 16616161161 196, 271, 272, 278,

x 281, 285, 810, 814.
166661666161611812. 1111. -
16161616-11616- 66 1166111161·
666161611.

1661616611, 11. 166111 1166616611,
1166161616 1661, 6.185.
16666111, 11611616, 118,155,176,
177, 190, 197, 198, 262, 268,
247, 271, 274-276, 862, 807,
808. 166116161161, 175-181,
222-826, 280-285. 8616 8661-
16666616166164. 16666111166
179, 221. 16666111161161161 179,
180,224,225,288,284. 16666111·
6661616116111111166 16616166161611
178, 180, 188, 221, 228, 224,
281-288, 801, 806; 661611166
6161166 6661166 661616611166178,
188, 228. 016166616161161 177-
180, 221-288. 1111. 16616161,
116616616161.

16666111611116166, 66116166.

16666111,116616, 176, 177,
206. 1661161166, 201-208.
8161 1 11666686661161611611616
1161166111 202. 161 e] 111668161-
16616161666616161616, 208; 61-
161161 11166 8166116616 86661,
6666 1166 66616116 1166161166 66
166616666616666661, 176, 177,
208205. 1666611166616161161202,
208.

1666611611(1166161661202,
206, 207, 228.

166611. 06116, 11. R. R. 1488,
6.16.

1611116,16611, 1616116, 1820,
6.11.

1666676116157.

16616161, 1666666, 81, 58,
100, 108, 117, 118. 866111·
61166 11116, 161611 11116, 6111-
61166 116166666 86166166.

16616161, 1166116, 88, 84, 51,
61, 75, 86, 88, 98, 100, 106,
108, 115, 117, 118. 8616-
166166 811616, 61116 11111616,
6111616161 11166.

16616161, 1116616661 1116166111-
66116616 111111166111616161), 159,
160, 168, 177, 178, 180, 220,
122, 228, 225, 281. 1661161
226-228. -116616616111616616-
161 188, 184. 861116611611.
11161616, Peter 86611.

16616161 1 116166, 66 016816116.

16616161, 11661, 201. 86
1166661 Lente.

16661161, 66166616161, 81616-
61666.

166611, 8666161611, 200, 292.

166111616661616161.71, 72.

1616, 11. 1166616 11616611, 111
111116 1661, 6.186.

1611 1111116666, 1616161166161166
61 11116 816661 1662, 6.119.
1611, 81661 066666, 66 81111661.
(8166166666), 8166 1166161 1488
11 81161661 66 16116 6161161161
811661161161, 6. 46. 11, 81661
1611161, 661661616. 1166116116,
66 866116. 8611116666, 6616116.
(11116116166666, 1611161 1488,
688. 16616666, 66 86666. 11.
16661666 111 116166 61161 611666
66 81611 1661 6.188. 116161-
161666 611611616161661, 6 181.

1161616161, 11. 111616 166666, 111
161161 1661, 6.188.

16116116161, 161611, 1 11666
1661, 6.187.

16116166, 8611 86611, 1616
161166, 271.

1611166, 11. 111616 1111666666, 111
11116 66 1611166 1661, 6.186.

166161616, 16161166, 1116-

111

1616, 11161166 8666, 166616161
161166, T. 26, 27, 68, 72.

16166161, 161161, 16686611,
1166616661 161166, 21.

1161111 1616616666, 111661 111
11111111161166161, 8166161616
816661, 1662, 6.140.

1161610616166197.

11616 8111666 1 1111161616 1661
6.148. 11. 1161166166 111 866-
66166 66 11616166 1667 6.181.

11616616166161166 167761 287.

116161166, 166166 8666 66161-
166, 108. 1111. 1166161616.

1116161166, 11. 1666 161116666,

. 111 81616166166, 111166616611616

1661, 6.181.

1161 (1111. 16166661, 1111111161·
166666, 111 8111116166 66 1161
1061, 6.184.

1161666161611661668666,0161·
6166 1161166, 95.

116116161666 142.

1166616661, 166661, 1111116-
1166 6. F. 1661, 6.142.

111166666 258, 259, 278-275,
281, 808, 809, 810, 820.

11161616, 1161166, 11161166
8666, 166616161 161166, 141, 67.

1111616, 111111611616161166, 25.

1161661616 85, 123, 186, 187,
828, 1. 55. 11616616166 66
(3111611666161116 1616 66 166-
66616666 821, 824. 16666116
866611 268. 811666116661210,
212, 268, 265-268. 1616187,
212, 289. 1616616666 288.
86616166 161161666 267, 268.
16116611611166 280. 1616166,
816616116161, 158, 187, 210-
218, 215, 220, 256, 261, 265-
267, 269, 279, 291, 282. 161-
16666 16611161 188, 287-269,
291, 202; 11161161 161, 286-290.
16161666 8661 262. 16161666
166161166611616166616 261, 269,
298. 16161666 161166666661611
288. 16161666 161611616111161,
66161611616111161. 1616666861
188, 208, 217,· 292. 16161666
81111616166 211, 216, 219. 161·
111666 166161616111161, 66 1661·

 

