111 11., 111 111111, 8111111111
1111111 1861, 1. 135. 111. 111111
11111111 1., 111 111111111 11
11111 1681, 1135. 8111111
1111111111 1661, 1. 110.

81111111, 811111111 21, 123,
137.

81111111, 11111111, 67.

811111111123, 138.

8111111 81111 Τ. 21, 82, 31, 37,
52, 57. 8111117, 9,15, Τ. 1,
5, 7-10, 13, 20-23, 26-32,
31, 38, 37, 39-11,13,18-58.
1111111111 Τ. 5, 31. 1111111·
1811111, 11 1111111.

8111, 111111, 11111111 1377, 1. 25, 27.

8111111111,11111111 8111, 111·
1111111 1111111, Τ. 66.

8111111111 111 1111118111 238,
237. 181111111111111237.

811111111 53, 60, 71, 89, 101,
103, 118.

8111111111, Τ111111, 8111111
1111111111 1151-1181, T. 26,
28-32, 35, 3111, 51, 611.

8111111111, 8111111111,
Τ. 11, 15. 1111111, Τ1111111
1111111, 11111111111111, 1111111-
1118111111

8111111, 11111111111111, 111
1111111 111111 1661, 1. 138.

811111, 8111181111111111, 81-
1111101111 1111111 1881, 1170.

81111, 0111, 1 1111111111, Τ. 69.

81111, 111. 111, 11. 11. 11. 1183,
118.

81111111, 111. 01111111111111,
111 011111 11 Τ111111 1861,
1138.

8111111, 111. 1111111111 111 811·

1111111111 11111, 8111111111811·
111, 1882, 1. 119.

81111, 11111111, 11111111 11111
81111 1161, Τ. 37.

8111111, 111-11111 11111111, 111
1111111111 111111111 1881, 1. 135.

81111111, 11.81111111,111Τ111111
11 7111, 111111 18111111111111
1881, 1. 138. 111. 8111111111-
111, 111111111 11 11111111] 1681,
1. 135.

n 111. (1111). rum.

811111, 111. 011111 1111111111
En„ 11 81111.

8111111111111, 1111111111, 133.

81111111111 111 8111111118.

8111111111111, 111. 11111111·
181, 8. R. 11. 1183, s. 17.

8110, 8111 111111158, 15. 111-
1111121129. 1111111111, 11
1111111111

811111111111111111111 1661
1125-150.

81111111, 111. 111111 11111111-
111, 111 11111111 11111111111)
1681, 1133.

811111, 11111111181, 1111111-
1111111523, 1. 85. 1111111 11111·
101, 1111. 11. 1513, 8111111528,
1. 56, 65. 11111, 1881, 1. 128.
111, 1111 8111111, 11 11111 1337,
1. 31. 11111111 1111111, 111111.
1523, 1. 86.

81111111, 111. 111111 81111111,
811111111111111111 111111 1890,
1. 308.

81111111, 11111, 1 11111111 1881,
1137.

81111 (111111), 1111111, 81111111
1111111 1110, 1. 12.

81111 (1111111111, 1111111111111
81111111111 111111111111111 11
11111111 17111111, 111. 01111111
11111111, 111111111111 1681,
1. 131. 111. 1111 11111111, 111
11111111111111681, 1. 131. 11.
11111181111111111, 111 111111111
111111 1881, 1. 130.

81111111, 111. 1111111111111, 111
11111111181111111681, 1132.

81111111 111 81111111 118,
281, 287, 288.

81111, 0111, 811111111111111118,
115.

8111111, 1111111,1111111 1380,
121.

8111111111, 11111111, 11111111.
11111. 1881. 1. 129.

811111111111 1 11111111111111
11 8111111111 180, 181, 221, 215,
226, 231, 308. 1111111 1111-
11111203. 1 81111111111201.

8111111111, 11111111 8111 11
1111111, 95, 103.

123

811111, 11181111118111111, 111
81111111 1881, 1117.

8111111, 8111118111, 1111111111
1111111, Τ. 26, 17.

8111111 8111111111 1 8111111111
1881 1111.

81111,11111111, 1173, 1111111·
mand 111811111111111, T. 69
-71, 111111111, 1157, T. 72.
8111111111 11111, 11 1111111111.

8111111111 97, 105, 111.

8111111111, 1111111, 11111111
11111 1118, Τ. 25.

8111,1111,111111 1377, 1. 25, 27. ”

811111, 11111, 8111111111111111- ’
1111111 1151, Τ. 25.

8111111111 1 111111, 11 111111.
181111111111111111, 1111111 111,
205-207. 111111111111111111-
1111.

8111111111 153, 158, 191.

811111111111111221,222. 11111
1111111157, 158. 11111 81111111-
1111111 181.

8111111111 118, T. 78. 81111 38.
81111111188. 1111111118. 111
118. 111111111111111118111111.
111111111,111111111111111, 0111-
111111 11111111 111111

8111111111,1111, 1339, 1111111
11377, 1. 25, 26, T. 1. 11111111-
111, 1122, Τ. 15, 18.

8111111111 11.

81111, 111111, 1111111 1380, 1. 21.

81111 121188.

81111,111111111111111111101111-
11111 1661, 1. 130.

8111111111 81111 251, 271, 277,
321.

8111 1111111111, 11811111. 111.
8111111 11111111 1881 1. 118.
11111111111111111111661 1137.
111. 1111111 1111111111111111881,
1118.

81111111, 1111111111, Τ.81,69.

811111111111811111111,1111111
1081, s. 129. 1

81111111 8111 11 By, 11111111
1111111, T. 21, 25.

81111111 Τ. 25,11,71.

8111111, 81111,11111,111111111
1111 111111 11811111111111111

17

 

