108

1116161666 11161616 1661 6133.

1166661111, 11661161 1311, 615. ,

111. 1166666 1 11661666, 661161-
666. 11666611 11. 1 Anthus 1661
6133. 11666611 1 1161161161 1661
6111. 1611616666, 66 [11161661.
16666666 1116161161 1661 6112.
16666 1 116611 1661 6133.
16666611, 1166661 1311, 625,
11. 111. 1611666 111 666611, 66
1616611. 111. 166666 111161611-
661161, 6611616161. 111, 166666
1111116161, 66 1161611. 111. 1611-
666 1 (irum, 6611161. 166666 1
6161666116161661 6131. 1611-
666 116166661661 6111. 166-
6661116161 1661 6112. 16-
61616611 111166 1661 s. 131. 111.
166666 111 61116161 61 1161
1661 s. 132. 111. 16616666
111 Trinitatis lllrle, 1166161661,
6130. 111. 1161666 111 1161-
111111 61 0616116161, 116661 1
11611666116116611616 1661, s.
131. 1611611666 1116611 1661
6130. 111. 1116116611 11616 111
11611161 61 6161611611 1661 s.
135. 11661666 161616166 1660,
1661 6113, 131. 16166661331
1. 1. 1666661166661111661 16111,
6. 321. 1611666666, 166661
1360, (nl 166161616116, 16161
111616161161666 611616161616 111-
holte) 6. 21. 111. 1161111666 1
6166166161, 66 1116161161. 111.

1611111666 l 11611161 61161 11111- ’

6611 listron 1661 6131. 111.
1611111666 111161, 66 1161161111.
111. 11616611 1111111616 16616.
131. 111.116166611111161161161661
6. 135. 111. 11616611 1 1161111, 66
6661111. 1161666 11116611 1661
6111. 111. 1111161666, 11611611
1161616161 1113,1.1, 8. 111,
1111161666 111 11661161) 16616.
133. 111. 1111161666 11116166
61 116161 1661 6131. 11111-
kolson 1 6116166 1661 61110.
11111616666611666161116616161
1116161616 1661 6131. 111.
1161166666 111 1166611 1661 6.
131. 1116166666 16 11666, 66

11666. 111. 1116166666 161161-
161 11616111 l) 1611161161, 1)
66 111616) 1360-1311 6. 11, 21,
15. 11166161, 1161611 11611661
1110, 611. 111. 11161666 W. 111
111161 1116161 1661 6161.
1111161666 1 61616161, 66 1116-
666. 111. 11161666, 1161166611
06161661161661, 6135. llr.
lllolson 1 1161166166, 66 1111161.
llr. lllelson llnndslund tll Grund-
161 61 61611161 1661 s. 136.
11161666 11166666 1661 6. 111.
1161666111616111166116 1661 6.
113. 111. 01166611 1320, 661166.
0116666 1311, 66111116, 1166.
016166611111611310, 6. 11. 111.
01111666 111 11616161, 66 611116.
llr. 01666611111616, 66 6661111.
111. 0161666 1 [1161661161 1661
6131. 111. 016666 1116161161,
66 6111116. 111. Pallenen til
llorsom, njerrograv 61 1116111611
16616131. Peterson, 11111161
1320, 611. 16111 61 1161111116,
11111161 1311, 6. 25, 16. 16111,
166661 (1116161611 61 161116-
mosol) 1311, 615. 111. 16161-
666 1 1611666161, 661666. 111.
16161666 pso 11611, 66 1616161.
111. 16161666 1666661, 6611-
6611. 111. 16161666 l 116161, 66
116116161. 16161666111166 1661
6151. 16161666 1 1616616611
1661 6131. 161616661 1161-
1161 1661 6139. 161616661
11611166161 1661 6110. 111.
16161666 6666611166 111 1111611616
61 1116161611 1661 6131. 111.
16161666 111 1116616116 1661 6.
133. 1666166666 166166661661
6111. 111. 86166666 111 116666,
66111611. 111. 66166666 11611166
1166161661161 1661 s. 133. 111.
6111611666 111 1161161) 61 116116,
116161 l listerhorno 1161-
161 1661, 6133. 66166666 1
1666611 1611 6. 111, 1116-
166666 1531, 66 66666161. 111.
166616666 01 1116611 1661
6163. 1616666666, 66 116-

666616116. 111. 11161666 111

11616166 61 6166166 1661 s.
131.

1 erlis, 111. 0161 166666, 111166· A
6161 61 11616161 1661, 6136.
1611161, 1116666611, 1166111161

6616, strn listron, 110.

1616611661, 16161 1116166116, 61
6116116666 1311Ι s. 25, 11.

16166, 1611661, 161 16666611,
116.

166 11111. 1666, losse) (1161616661
16666611 1118 111. 1161661161

·lloglnntl, Vaehnor 1111, 111.
11611666 11161611 1661 s. 110.

166161, 0661161116, 1161111666
lFaxohnrrod 1661 6130. ll.
1166666 01616166616 111616616-
161 6161111161, 1161611 lljolms·
161 1161161 1660, 1661, 6121.
136. 11611666 1 11166 1661 6.
137. 111. 1166111666 11. 1111111161
11161 6136. llr. lonson, 66
11616611.

16666 1111616611661, 1111611666 0.
1111166161 111. 1661 s. 131.
111. 1161161666 1 611666, 1161611
661161611616611161161166161661,
6116111.

1611116161 10, 11, 11, 16, 51,
51, 55, 61, 11, 11, 11, 61, 96,
101, 111, 118. 1111. 6116611616.

1616116166116161161, 66 166661.

1111161, 1116111116611116, 66111611.
111.161666616611 11661161661161
1661 6131. 1111161666 11161·
1661, 116161 1 16661161 1661,
6133.

16111611166,1611-, 323, 311.

1666 8; 1111. 6.

16611661166666161116.

1116116161 1611161161116161 185
-166,106, 101, loo-292. llml·
616111 1116616611 211-183; 1
116116153-260, 112-111; pan
1616111 sil-276.. 1611161166
136, 231. (166661666611611661
101, 105. 06666166111661661611
1116116 111, 215. Commis-
661166 161 66616166 115-113.
lio nopntorsno 161 66616166
160-2101 161 1661616166 231-
301. 11666166 1116116 166110.

 

