1111111 med fljortovlerne, 11111.
0111 16111111.

1111111 (1113116311 111. 01111111
11111111, 1 1133111611 1661,
1. 131. 111. 11111 6111111111, 1
16111 111111 1661, 1. 131. 111.
1111116111111,1111 31131 1661,
1. 131. 111. 161311 111116111,
111 61161311 113 161111111111
1661, 1. 131.

111111111, 11101111111111111, .

111 111111111131 13 1131111113
1661, 1131.

11111111, 111. 111111611111, 61
1111111111 1131111111, 111. 11161
11611111, 1110111113 1313161113,
og 111. 6111611611111, 111 11-
1111-113 0111116111, 1661, 1. 131.

1111, 111. 11611 1111111, 11111-
61111113 113 1116111161 1661,
1131.

11161, 3111111, 29, 39, 63, 73, 78,
11, 11, 11, 11, 111, 111, 111,
115.

111111111169. 616111611111.
11111, 111 11111111, 1133, 138.
1111 111111111 (1), 1163, 1. 17.
1111111, 111. 111161116111111, 111
1111111 13 11111111, 1111111 1

111111111116 1661, 1. 130.

11116111111272.

1111611116 312.

1111116131, 1111111131 11111 ο3
33111111111116, 17, 11, 66, 71.

111111111111 151-137, 261,
285. 1111. 1111111111131111,
6116111111, 1111611111.

1116 11111111 11111 1661 1136.

11116, 111. 1111 1111111111, 111111·
1111111111116 1661, 1. 133.

11161, 111. 11611, 116161, 116111
1661611616 1661, 1. 116.

1111611111, 111. 116111 61111111-

· 111, 1111111111, 011 og 1611116
1661, 1134.

1116111131, 1111111111, 6111113
1116, 307.

11111, 11111611 lobannis 61, 111-
1611111111113111111 1661, 1. 115.

1113131111-111111 T. 71.

11111, 11. 1111111, pros. 31111.
11111. 1661, 1. 129.

1111116, 1131111161, ’36,

1111111111, 1111111 1111111·
11116111, 272-271.

111111, 111161111163 61111611-
11111273. 6111111111 251, 211.
6661111273.

111111 16111111, 311161 1116111
611111, 1662, 1. 119.

111111 11611111111111311 151,
266. 1 111131, 1111 1111111,
169, 170. 11116111111161111,
1113111111.

1111111111, 68, 59, 63, 61, 72,
17, 78, 61-86, 96, 97, 101,
105, 113. 11111131 168, 239,
273, 316. Under 111116 276.

111111111311111, 1111111411,
116.

1111111113 11, 11, 13. 61111-
11111 111111 111111 Τ. 28.

1111111113, 1161111111111, 1
1111 1661, 1. 136.

1111111111 111636, 06611 6131,
11111113 1116, Τ. 12.

11611111111 236.

1113, 111. 161311 111116111, 111 61.
catharina 111111 1661, 1. 133.
11. 1111161 11., 111 1111611111 13
11661311, 11111111 66161111116
1661, 1. 135. 111. 111111 1116111,
111 61111113, 6111163 611111 1661,
1. 136.

11111111 11111111, 11· 11131.

1111111116 111111111 58, 72.

16131311113 1111113161 313.

1611111113111111 1111131111
16, 17, 79-82, 96-91, 161,
102,109-111, 123, 121.

1111111116 69, 266.

1111111 11 1111131161, 1111111111.
56, 368, 319.

1111, 111. 11111 11611111, 1 111-
1111116 1661, 1, 131.

111161, 111. 11611111 111 116111
1661 1. 131. 111. 1116111111 111
11311116 1661 1. 131. 1116111-
11111110. 111 11631111, 01111-
111111 6311166, 1111111 11111161
1111116 1661, s. 131. 111. 11116-
111 1111111113 11131111 1661

33

111.11111111111111 1111111, 11611111-
1116. 111. [11116111 111 1111311111
13111611661661 1130. 111.

11111111 1111111111, 611111 13 , ”

1111113 1661 1135. 111. 11-
611111 111111111116, 1111111111.
111111111611111611 3111111131
265. . =
1111611111 66-81,83,1.11-16,
56-68. 11111131, 21, 90-102.
111, 111131, 110-121,123-127,
151 -177, 111. 111111611111
(6616111113 111 1111111111 13
11611111) 1661 1. 133.
11161111111113 277. 1111111116

111111116111111613113 11111113 ’

111111, 11 133111 0111111111
11111.

1116111111661, 1116111111
113. 6116111116 321. .

1116111111116 1 111131 118.
11311116, 11 11111111 611111.
1111111116 111. 13 6111111111,
11 1111111111 611111111, 11111
1111.

11161161 12, 63.

1116161116 36, 38, 39, 61, 62,
63, 77, 78, 66, 69, 166, 108,
117. De 11161611 1111161111-
1113111111111161 10, 12.

11111, 111. 11111111, 111 11131113 13
1111111611 1661, 1. 131.

11111 (1611131), 111111, 111 11111161-
1111, 1. 11. 11. 1698, 1103109.
0111111111, 1116111111, 11113111Ι
1111111111 1636, 1103109. 1131,
1631, 1. 82. 11111, 1666, 1661,
1.122,129. 11111111, 1377,
1. 25, 21. 1111111, 111 1111111311,
11113111 11111111 1531-1569,
1. 21, 89, 89, 91, 35. 161311,
611311111131323, 165. 161311,
111 11111111, 11161611111, 11.
11. 11. 1596, 1193109. 161311,
111 1111611111 1661, 1. 139. 1111-
3111,1660,01111111111111111661,
1. 122, 128, 161, 166. 6111 111-
1111111, 661111111131111161111-
111 1696, 1. 369, 310. 0111,
16611128. 1111111111.

1. 131, 111. 1111111111. 11101· Ι 11111 (1113111131), 111. 61111611

. 1116 113 1111111131 1661 1130. ἰ 11111111, 11111113111111 111111

13*

 

