1112

6166661161, 61. 1116616 616666,
1 11611166 1661, 6191.
6166616666666, 66 6166616-
6116666666.
666116666611666 66 66661661-
16661161161666, 66 06616666.
6666, 66666 6166611, 66116661.
1611. 61616. ’
6661116661 1166666, 1666161166·
mand 61 116161166166 866661 1662,
6119. 61. 6161666611 11161666-
66161, 11666866661, 1862, 6119.
61616666, 116666, 6616116666,
66666, 1166161166166116 61111116-
’616666 866661, 1662, 6119.
66661166661666 0166166 666
616616166 6161161, 119, 50.
6616611166, 616, 16666161661151,
112.
661161611.

. 6611666 18. 16616666 95.

666611661 81661661666, 11661
16 616166, 6166116 666161, 1661,

, 6119.

6611661, 61. 1166166666 111 66-
61616616611, 6666661116 866661,

1662, 6119.
666616661666 1 6616666 1661

6139.

6616661666 1661616, 1161616),
61. 111616 6661116666, 11. 1111.
1513, 668.

6616661666 (666, 1166616), 61111
11666111, 111 6616, 811161666,
8111161661 1 66166, 6611111166-
16166 6661166616116611161 1661,
61. 1666, 66661611611616161611
1690, 1891, 6.112-115,·211,
306.

66166661]6166,1161,1111666116-
66616, [1. 11. 6., 8161661661 1
66166 1696, 6103, 109. 116116,
1661, 61211. 611111111616666,
1960, 6. 20. 6611166616666,1116ρ
16611661 1110, 61612. 666111,
6181666166 1861, 6. 129. 11. 11666
6661116666,11666111111616 1523,
6. 65. 111166,1111161,11.6.11.1636,
6. 89. 61. 1166666, 611. 11. 1636,
111 8661611616] 1569, 6. 89, 96.
61. 16661 1116166666, 6111616111
1380, 1391, 611, 91. 1161166,

1116616616, 11. 11. 11. 1696, 6163,
663161161611166166,16666112.
66611666,16111616 11, 1.

6666616616166 11611696 61666
1116666 1666666616, 61161 666116
11166116 11666 66 Adel) 66. 666
1611116166 61 66666 66 11166116
1116619. 61666 666 1116616666
95,109; 666 1161616666, men
1166661666 61161 666 1116616666
66, 112,119. 6111611161611616-
6666 3-9. 6611616161611166666
9-11,11 1161666111 6111666116
11-16. 16166661611161666161
666611-21. 01616 21-21.
6611616161 6166161116 11. 61111·
61161111613-16, 1111166616-56.
6111611616 11656-65. 11666111
16 65-19. 6111611611 166 82·-
89. 1166611111691-101. 61111-
611661116 102-109. 11666111
616 lli-121.

61616, 6611111, 161661 1151,
T. 26.

1116616, 11666666, 1661, 6115.
6116616166 1161166 1. 9,1, 12, 16,
19, 26. 11166111, 1616.
616616166 66 15, 81, T. 5, 11,

16, 11, 20, 25, 11, 19, 18, 60,
61, 11. 6616666616166611166-
16666 115, 11, 19, 20, 21, 15,
16,11, 69-65, 10, 11. 161661
1. 63. 8161666666 T. 18. 61-
6166666616 T. 51, 56. 6116-
1166161166161 1. 6, 1, 99. 161
1166 61666 661 1. 1. 111116-
666611 161, 83. 81. 66111666
6666661113. 81161666666116
155, 66, 62. 811616666 116661
T. 1, 69. 11666661666166 1. 63,
66. 661166 6111666 66661611
186-68. 6616661161 11661,
66661166 66 81616 T. 82, 63.

66616161616616166 8666 T. 11.

1166616166, 661 1166 1111161
6666 11666166 15,1, 11, 11,
36, 13, 66. 81166166111 T. 63, 69.
0111666666 T. 22. 6661161166661
121, 29, 21, 90, 39, 52. 116·
pellet, 6611166 161116661616,

1661616616661, T. 25, 9618, 69,
60. 66111666666666611116161661
111661,11161ο6 1161116 16661616
61661161 T. 22, 29, 30, 10. 81.
11166 116661, Alter 10116 11661666)
6611611116 113, 65, 68, 10.
8111611116 1166161161. 6166666,
1. 61. 66666 6161661616, 1. 22.
61. 16661 11166616, T. 62. 811·
161666, 118, 82. 1111616, 661
1166, 1. 5, 11. 61116166
apostoli, T. 5, 62. 661116161666,
T. 5, 62. 6611161666166, 11110.
11661166661611, T. 5. 1161111166,
T. 5. 1661611111, T. 2111. 1116·
11111, T. 10. 11166111, 1. 50. 16·
6616, 6666161116 66 61161116, T. 5,
26, 21. 0116 8611661666, T, 18.
611661, 6611166, 1. 8. 661-
11666, 6611161666166, Hippolyti 66
6166161, 161.

66661616666661161611661616

“ T. ³7⁷²· 81616161119-59.
1661611 T. 50; 6611. 1666, 0116
166166166611, 166 16661666, 1111-
161 1661666, 1116616 8611161666,
166611161666666,11166166616111.
1166611, 66 116161111666611.
116661666616, 169. 16116161
T. 10,11, 16, 11, 19, 50, 51,
66, 68ς 6611 16661 661616166,
16166666111161666. 81616113,
68. 11666666 1111616161 111.
1116116666 6161166111 Τ. 26, 21,
19-51. 1161666666 minores T.
90-32, 19. 81. 0161166 T. 62.
1611166 Len 1 1161611661 166.
81. 11166611 Len 162. 811166-
11111166 161. 86166661666166
1616166116661150. 66616666
1. 11. 8661161611. 31. 11666116-
1661666166166 T. 50, 51. 111111-
66166 666 111616661666 111661
T. 98, 59-61, 69.

666616166116616,11, 51, 63,
86, 88, 69, 11.

66661666, 61. 166616661666,111
1611 66 66666 1661, 6135.

6166, lens 66116611, 1 stege 1661,
6138.

61666, 16616161 6616, 61166666,
111 116661 1526, 1. 59-61. ,

 

