111)ν

1690, 1. 183. 1111 1111111, 1680,
1661, 1. 111, 119. 11111111 111-
11111, 1661, 1. 119.

81111111, 811111111, 8111111,
11111111 8111, 111111111111111,
T. 1171.

81111111 8111, ’11111111 111111,
111.

8111111, 1111111111111111, 111
0111111111 og 811111111 1661,
1131.

8111111111 111111111111111111111

⁵ 191. Τ111611111111 181, 301.
Til 0611111111111 1111111 150.
111111111, 111 1111111111 1111-
1111111111111 111 1111111111
11111, T. 17. 1111. 1111111111,
1111111111. . “

Sthenius. 111 lohannes, 1111111
811111111111111 1861, 1133.

8111111111,111111,1 1111 1661,
1137.

8111111111, 1111111111, 91.

8111161111111111111, 81111-
1111111111111111111-111,
186, 308-310. 1111111 111-
111, 318-311. 111 111111 176.

811111111111173.

8111, 81111111 1111111111, 11
11111.

811111111, 11. 111111, 1111111111
1861, 1131.

811111111.

8111111111, 1111111111 81111·
1111111111, 111811111 1661, 1. 117.

8111111111, 8111111111, 11111111·
og 1111111111111 11111811111111
1681,11111·,1111111-ο11111111111-
1111, 8111111111111111111 l 81111-
1111111111 og 1111111111 1 111-
denaes 11 8111111 1691, 81111-
111111111111111 11 1111111111 1111
1111111111 11 1111111111111 111
0111111111111 1691,1.138,318-
311. 1111111, superintendant
1 Christiania 1661, 1. 115.

8161111111 35, T. 78. “

811111111111113,137.

8111111111, 111111118111, 1161·
1111111111, 110.

81111111111111111111111,111.

8111111 1111111, 118111111111.

1111111 1316 115. 11111111·
111, 11 8111111111.

8111111111, strango 11111111,
1311, 1360, 1.16,17,11. 11.
8111111 11111161, 11111. 1183,
116. 1111. 01118111111111.

811111111 811111 11 1111111111
58, 68.

81161111111111111111 11 Tre·
1111111311.

81111, 11. 8161111111111, 11111-
111, 11111111111611111 1681,
1. 130. 11111111, 111111 11111
1111111111 1601, 1116. 1111111
161111111, 111 11111111 og 811-
111, 111111111111111111111661,
1. 131.

8111611111111, 111111118111,
T. 19.

8111111161111 113, 111.
8111111111309. ·

81111, 11111111111111161, 11
1111111 1397, 1. 31. 11111, ’1.68.
111111, 1131, 1136, T. 18, 19.
1111111111,111111 1377, 1. 18, 16.
11. 111111, 1183, 1. 10. 11. 8111,

81111111 1111111111111 1183,
1. 19.

81111118.

811111, 1111, 11 11111111111.
111111, 1111111111, 81111811-
111Μ111111
1111111111111 1110, 1. 10,11.

8161111, 111111 111, 111111-
1111111 111 811111111111111111111
1880. 1119, 130.

8161111111111, 81611111 8111
ng 111111, 110.

81111111 111111111111 131137,
301, 303. ’

81111111 T. 70.

811111111111111, 1111111111,
131131.

81111111, 11 8111111111.

81111, D. 1111, 111111111660,
1861, 1. 111, 119, 181, 161175.
11. 1111, 11811111 og 0111111,
1111111111 8111116 1861, 1 136.

8111111111, 1111111111 8111,
11111 111111, 11, 15, 96.

8111111111, 8111111111119,

58. 8111111111 T. 13. 1111-
1111111, 11 1111111 111111.

81111111, 11. 111110111111, 111
81116 1661, 1. 116.

81111111 111.

81111 1, 1111 1 1611111 1181,
1. 7, 9. 11, 1111 1861111111 1376,
1317 1011111 1111. 1111 1111·
11111 hans 8111 11111 111 111111
811111 1111111111 11111111 111
1111111111 1111111, 111 1111 ud
1111111111 1811111111111111
’111 11 11111111111111111, 1. 11,
16. 11, 1111 1 11111111 1316,
1311, 115-17.

8111111111111161,1111111311,
1.16,17. .

811111, vagnerus, 11 vogn.

8111111111, 11111 111111, 110.

811111111, 11. 86111 8111111111-
111,111111111111111111111661,
1. 133.

8111111111, 01118111, 111111-
lev 111111, T. 18.

81111111. 18-10, 17-61, 61,
68, 69, 168, 111, 110.

8111111111, 011101111161, 8111
1111111111 1613, 1. 16.

8111111, 11. 11111111 11111111,
1111111111 1661, 1. 133.

811111111, 11. 1111111 11111111,
1 1111111 (Ly), 1111111111 1 11·
1111116611116. ·

81111111.

8161111111111111111,11111111·
11011.

811111111, 861111111, 8611
8111, 81111 111111, 111.

8611111111, 111111111111, 1111-
mark 8111, 111, T. 61.

8111116111131.

8611111111111111111111135,38.

81111111 191, 199. 8111111-
1111111, 1111111111, (11111111111111,
Commissum, Eqvipngemesten
1161111111, 111111111111111,
16111111111111, 1161111111, 01·
1111111111, 11111111111, 11111-
111111118111111111111111, 81111-
1111111, 81111111, 8611111111,
1611111111111, 1111111111.

ffimmnw

 

