209

de Vedkommende 1116111166. 11. Naar 66 6636181116611611113366, 16 66161 61 Byg-
1116616166 een 861161, 66 om det jt 0611618111) 661611616,66116161161616611116161 Ι
1116131116, 6616 116116 Admirolitoto Collegium 1161661 6161161666 661 6116111616, 661
161 66616166 111116116 06616 66 ’1166111616 166166 bor 61 1616, 66 161 666 111 116116
611616661136161111611666161166161611116, oe 6661 wj 666 1166861166 6611611161 161661,
661161 8111111161 61116111-161661611131113366, 6616366, 1 16616 161 66 1616 kunde, for·
111616 613 til 1163661616166111113 uden 116116 661Τ1116161666 61161861611163 61 31116
61161 glore lade under 81161 6616 11611111. 6. 86161 66 udj 6116 1661116 86361, udj
116116161161161166661161 161161161116116111616 06116316 appelleris, 611161 61 61 116116
11136 11161161 1161111136 8161616361 1111616 61 11131166, 61 1616 1111111113 1166166 66
1661111661 [1661136616 66161 116166116 116116116160611631661 udj 6116 16 86361, som

⁸ 66166 61661111661116161161, 1611616616, 6616 0611116166 Feror, 816 066166611666166 ·

Ρ1116161 66 661618661661 613661113 1611666661 66 611611 111116616616611616116116

Α116116111616061163166116116,Ρ6116111616111ὃ16, 66161611·66161131116166666111111111113 - ’ ’

661616661113. 06 6116166111 66616666 86361 61116 611661Β66611611661161 6116, 6116 61
1663 Ophold 1661 166116, 66611116 111, 61 16, 6616 udj 6113 863611161616111111611611161
. 16116116111661616161116116161111, 16166 trej Maanneder 116 1611611616111616061-
legij 6166316 Dombo 111616161666 61 ’16161366 81616163 1636 66116116, huie 16116116
61661, de Sagen 61116166 6161616113161 66 61 111116 11611166 telles. 7. Ooh 6666616
1161166611111616 86111616 6616616161] 11661661, 61161 16 11-611611361111111113 0166613
116366, 16 66161 16116 1161611616 Collegium end 66 666 1611661 ’11161616 116166, 61 113·
1136 Formyndere for U-myndige 16181661611661616111116, 666116 16 111616113661161
6611136 glor, 666 16 6111611161 1616-161161 1 66366116616. 06168616116166 6116116116
6616111111113 sohel 1611611161611161611616116616, 666 tiit oo 61116 116116 111136 Ad-

611161 1666661 611161 16116 61161161 01116, 16116166 611661616611686361663666616, 16161
1116136, pao. 1611611616111616136161116166161611616, oc 613161166161611161161111
poa 11116166111116316116 6616116116. 16166166 1611636116616. (111161 poa 1611
816111111161111616 1661 11 April Anno 1673.

Under 1611 Ζ13661.

ub.
Ioetruae 116111166116116166, 161. 17 April 16731.

Jnotruetion, 1161 611161 1111 6116166611361 wille, 611611611136Α1611161, 6616 66 61
= 61161 161 611161 kommendee 161161, 66 6661 Direotionen 6611161616 Commendo 61661

¹ Ι661116166616311.1 161. 51661.
111. 16. (loeo). 2⁷

 

