122

1166116, 61. 166616 11161666, 111 161166, 9, 11, 11, 18, 51, 58,

11166166 6111161661, 6. 191.
661611611116166666, 111 8111616-
1611 61 1161161611, 11616116666-
1611661166 1661, 6135.
16111, 1666111, 616110666661316,

’ 615.

1111 (11616666, 66666 1 661161·
116166 816661 1661, 6119. 61.
6666616666 6. AE. 111 6116161111,
11116 616661, 1661, 6119.

16116, 61. 16661666 111 11616 61
1161161611, 1161611 (11616 661166
1661, 6196.

111161 6161116666, 66666 1111616

¹ 816661 1661, 6119.

16166 1666666, 66 116611. 111-
6166666, 161661 1911, 61617.

1111616616, 166666 8616, 616116
661166, 65.

1616666 11111. 111611, 61. 6666
16661666, 111161661611, 1161611
61666666661661, 6135. 61.
1666161616666, 111 116166, 166116
611161) 1661, 6135. 16661
1111661666, 111661. 1661611111611
1661, 6119.

16661, 11611661666111611611660,
6113. 1161166 11161666, 11161-
6161 1660, 1661, 6116139.

1161, 1666, 1 116166 1661, 6110.

16616166, 66 166. ’

16166661161666111.71.

16116, 66666, 1616611377, 6.
1617.

16111,166111, 11.

16161611, 16116161161, 166-
16161, 0611616661, 1661, 1166-
166161611670, 6. 111179. 666-
1616, 1661, 6. 119. 1166661111,
111 6611616116, 6. 6. 6. 1596,
6. 1011109. 6161611166116111661,
6. 118. 111611,111661111611611661,
6. 119. 660161, 111161661,
11. 6. 6. 1618-1661, 6. 110-
111, 118. 61. 16666, 6. 6. 6.
1513, 6. 56. 61. 161661, 666.
1183, 6316. 161661,11166116-
616616616, 6. 6. 6. 1553, 6. 95.
161661, 1661, 6118.

16111611, 16661, 1151, ’1.29,

161166616161116666161166,1161-

71, 71, 76, 87, 99, 107, 116,
119, 368, 319, Τ. 7-10, 16, 17,
51, 55.
Paulinus, lohannes, 66 6666
16161666, 166616161666. ’
166166, 661111, 1611.
’16661,161166, 16161,1, 61611
1 111611 1182, 61, 7, 9. 11,
61111 111611 1616, 111. 111,
61611 1 111611 1966, 610. 1,
1616666, 61611 1111161960, 6.
10. Ι1 16111, 6161 1 066666
, 1916, s. 15. 1166666 1666-
1111161611 1 66611166 1997, 6.
31. 61. 1111161666 1181161661
6161616661666 611616161616111-
1161161 1360, 1377, 611, 2616.
61. 16661666, 11666111 1 6116
1118, Τ. 71. 61. 16661666 1

1666161166, 66 81616. 61. 16· ,

661666 6616661611 111 Tjustrup
61 6616616111116 1661 6131.
61. 16661666 6161611 1116611611
1661 6133. 61. 16661666 W.
611616611161111 66166111, 61116-
11611 61 1116161611 1661 6131.
61. 16661666 6166616 111116161-
1166666161 6111611666 1661 6.
135. 166616661811116 1661 6.
110.. 16661666 1 81611 1661 6.
111. 61. 6616666111116166111
61 86161661 1661 6135. 61.
66116666 111 6661616166 61 11661-

· 61611661 6131. 61. 66116166·

666 L. 1 1111161 1661 6190.
61. 6166166666 1661661161), ’66
1116161. 111.1111116166666, 116161
1666616661166, 1661116116. 61.
· (1166166666, 116161 1 161161
816116 66116661, 66 1111161611.
61.66116166666 16661161 1661,
6. 131. 61.(16116166666 111 666-
11 1661 6131. 61. 611116166-
666 111 6666616161 61161 161
1661 6131. 61. (6616166166
111666 111 116161· 61166161166661
1661 6135. 61. (6616166666
0161161) 111 1161611 6111661611
1661 6. 135. 61. (1111666666
111 1616161 61 1116111 1661 6.
135. (1111666666 1. 1 81616

16616138. 6166166666 1 61611
1661 6111. 6611616666611111166
1661 6112. 61. 11161666 1. 11.
111 011161 1661 6191. 6111111·
666 1666 1 161161661166 1661
6133. 6116666 1 666616161
1110110. 61. 611666 vib: 1166
1161616 16616150. 616616666,
1611161166111666 116 61111611, 6616
816661, 1661, 6119. 66666666
1316 615. 1166666 1 1111116161

⁸ 1661 6111. 666661616661

6111161161, 0661161166, 1661, 6.
138. 666611166611111116 1661

.’1.111. 66111666 1 1161166 Τ.

16. 166611, 11666111 1111161118,
Τ. 15. 61. 16661666 ’116166 1
86666166 1661 6135. 61. 16·
661666 111 6616161 61 116161
1661 6135. 166666, 666661
6161611 1151, 116, 17. Ι.
166666 111 11611666, 66 6116116166.
61. 166666 111 01161611, 66 zeu-

1666. 61. 166666 111 811166- “

11611 61 01161661 6133. 61.
166666 11161166 61 8116161 1661

Ι6193. 61. 16666661 Gudum,

66 661616161. 61. 166666 61
1611611, 16161161 61 61116166
1661 6196. 166666 6. 1 16116
1661 6139. 166666, 66116616-
61611 811666 1661, 6118. 16-
61161666 11611611 1661 6139.
1661161666 1 61611161161 1661
6110. 16666616, 66161166, 616-
11666 vibergensis 61666. 1110,
611. 16666616 6., 66 6116116-
166. 166666 16611611 1661 6.
198. 1161666, 661161666161 1
6116616161 1111-1113, Τ. 15,
17, 19, 10, 11. 1161666, 1166-

,6111 1 666616161 1151, T. 19, 35.

61. 1111166666 111866661616611
1661 6191. 61. 1111166666 111
1111161 61 16616161 1661 6.
133. 11.1611666666.111666-
11166666, 66 6616611666. 61.
161166666 1 16116111, 668161.
1111166666 1816161661616 1661
6197. 61. 61616666 1 116166,
661616666. 61. 11666666 1116-
66166 16616191. 61. 6666666

 

