8

syrtiwae 111110. 01 hin, 1011111110 01101111, 1101101 01 111-11110 3010, 01 101101 11011
1011 alt 01001, 10 kuninga 0110011101 skal 0 011101011111, 011011 jnnaen 11011010
103 001γο 00 11131101 010111 101111, 0110111111 3110 101101 0011013111. 11011011 01
3110, 0011 0011 01, 10110130 0111010 1101 1101030 011010 iord 0011103101, 01101-
1011 1001 fult 00 1111111311, 00110 0111010 1101 0111001 sylyae. 01 0111011 bins iord 01
111 ful 11101113, 110 bundin 00 1111113111 1010 1111111 1011 jmallum 11010011011101
1011101101 11110. 01 1101101 11031101 1101 101 aa mood -i 1103101 1101110 1101111310, han
ι 310110 11111113 thro 11010 00 bundin thre 111011. 11101· 01101 01101111οῐ110 1110001011- 0
10010113 10110 0110 11111113 Woldemars logh 00101 10110, 31111 hans 0101110110, 0011
001110111100110101011113101,1011111101 103101 11101Ρο rethe. Allae 11 11010 00
w 00110, 00 1001ι 101100 1031 010110 funnae‚ 011010010330 1111101 af 00 110110 11011
11111330, 00110100 1101101 0111010011110 0100. 1010101 1111011110 01101 111. 10101
11111011 skal 0110130111110 0110111010 111010 [1010], 101 1100111100, 1011111110 01101 101
113101001010110 101301 01 111 110101 011101. AEn 1101101 1103101 til 001111 00 101
01110101,11011111113001101011101 011011ογ0 woghaen, 00 hin, som 1010111110, skal by-
1010 110311ογ0 00 1110110111 111011011111111. ,1101011011011111011 0111011011οε 0.
00111 skal bytalaes om 001010 Andreas tijd. ,11011 11111010 0111Ιο 01 ’1111100 111 01 τ.
11330 0110101 11110 101301110, 0111111101, 0101110 thing 00 01 0101 1111011 101001
1111111110 11111. 01 the 011110 1101 0111013110 0011 111111311011011010111111. 111110 0
0111110 110 001111001111101103101 1110110 01 3110 11110 01101 3100 111 kuninga borth
01101· 01110 30110, 111101 0011 1110301101 Woldemars thijt. aen 111110 110 31110101
1101011111 00111110, tha 110110 the. 110111 the 101101, 0011 1110110] eyaen jorth 110110, 0
110110 11010 pa 011101 mans bool, 110 0110 01 the 31101111111113010011101111010
3011. 11011 111110 1110310 111 11330 ’00 0111011010 31011 1111011 11101 01010 1111111010.
1101110111111011110111011011011 01010110 103101101 003 01011. 011 111011010310111.
0101110, tha 0111110 the 0101101101 111 111010 10110 111113. 11011 01101101001110111-11
10310 011110 111110 1110101 1001110011 00 010110010100, 1111011110 110110 0110101110 001
3001 1101110 pa 11011 1101101 3011101101, 310110 00 30110. 11011 1131011101 011011.
1111110 01101 110010 sith 10110 3010, 1111101 1011011171101 003 0011100111 10101101 00
1101101 j 3001 11011011 j logh 01 1101111011, 111011 003 1110111103110110011111110101
0010101 01001. 11011 011110, som skibbrodnae 010 1 1101110111, 111110 111 10110 0011111
10111011 00101101 01001. Jtem 1111111101, 11101 11010 113110 013110, 11011 skal jngae ny 11.
0001 01101 11111013 pa 103300, 01110 0111110 nythae 0110110 110101001, 110 10110 1011
01 301110 thijt 00110 11010. 01110 0011110110, 0011 pa 1100110101, the 0111110 111110]

, 1110100010110011001. 1101131001 1031011101111101011101,0111011110110110110 3010111.
01110 11010 110111 1010, 1101 skal 001 10100 pa worth how 01101 301110 11010 1011.

¹ Sic. (11001).

 

