1660, 1661, 1112126. 111111, 11
’ 1111111111, 1113111 11111 og
11111111111 1618, 1111111, 8111-
111111 1111131 1660-1661, 1.
120-121, 128.

’ 1111111111, 111111113 8131,

6111111 1111111, 95.

1111111111 15.
11111 6113111111, 1111111111.

’ 111331111111111111111, 11

11111111.
11111111111111111131188233.
11111111311111111111), 61111,

1 81131 1661, 1. 188.

111111, strange, 111111 1661,
1. 131.

11111111113, 111181111111111-
1111 1681, s. 181.

111, 111. 1111111 111 11113,
1111111 1111111131111111311111
16611. 116. 111. 1111111 1317
11111 11111 1111. 1111111111, 111-
111 1377, 1. 25, 17. Η1. 11111·
111, Cantor 1 1111111111 1119,
T. 13,

111, (11111,(11111, 11111111111,

· 1111111 1371, 1. 25, 27.

1111111111, 1131111111 1111-
111, 158.

11131, 1111111111111111111, 111
8111111113 leer 1661, 1. 131.

1111, 111. 1111111111, 11 6111111.
81111,11111111,1377, 1. 15. 111.
11111111 111 11 111 1111111, 811.
11. 1513, 1. 511. Η1. 1111111111
111111 2 1111111111 1 8111111111,
1111111377, 1. 1116. 11111111-
sin, 11 1111111.

1111111, 11111111, 8111111111-

, 11111 1660, 1661, 1. 113, 136,
161. 1111111, 1111111661, 1.
110.

1111111 1111111111111111 65, 66.

111111, 1111111111, 111111111111
1111111, 95.

1111111111, 11 11111311111.

11111111 1111111 111111 1113111
11111 og 11 1111 111 10. 111
11111111 1111311 51.

1111111111 13, 61.

1131, 11111, 1111111111111181,
1. 1, 7, 9. ,11111 111111 1182,

1. 1, 7, 9. 11111 1 viburg 1326, ,

1. 15Ι 11111111 1111111111 1371,
T. 5. 1111111111 1839 T. 1. 111.
(11111111, se 11111111. 111.
1111111111 111 11131113 11111-
1111 1661 1. 132. 11111111,
1111111111 1 1111111111 1113,
T. 21.

1131111111. 11131111, 0111111
8131, 11111111 1111111, 110, 153.

11111111, 1111111 11111111.
13, 11, 19, 11, 67, 70-71.
81311. 71.

1111111111, 11111111, 1111111,
1111, T. 10.

11311,Τ111111111,111.11111-
1111111111113111 8111111111 13
1111111113 1681 1. 135. 111.
11111111 1111111 111 1111111 13
1111111111 1661, 1. 136. 111.
1111111111 111 111111 1311131111
16611. 136.

11111111, 11 1111111111.

1111111113, 11 6111113.

1111111111111 111 Holmon
165, 209, 288.

111111 1111111111, 11 1111111
111 1111111111.

151111, 11111, 11111111 1111
11111111111 1691, 1. 253.

11111113 36, 118, T. 78. 111
118. 1113111111 36, 117.

11111113, 111111111, 11111111- 13
111111111111111, 1111111111 over
1111311131, 1111111311111, 1131113
1111111111 1685, 81111111111131-
111111111111111111111, 1111111111
1 11111111 13 1111111 1695, 1.
160, 318.

1111113 T. 12, 13, 68, 71.

1111111111, 111111111, 111. si·
111, 1111111 1 1111111 1661, 1.
118.

611111111111111, 111111111.

1111111131 mnae ej 11111 1
1113111 11111 1311 1111111 10,
11, 11, 18, 61, 71, 81; 91101,
112; 111111111111111119, 12,
21, 71; 1111 1111111311 1111311
11111 1111111111 1111 111111,
11111111 111111 111 111131 11.

133

111111111 111111 11111111111111
115. 11111111111511111111111
111111 1111 11111 111 1111111111 82.
1111111111 11131 maa-e] 111311
1111 111311 51, 60, 71, 111.
1111111111 111111131111 11111111-
1111153, 60, 71, 88, 118, 105,
111. 1111111111 1111111118.
11111111111111111111311 1111111
1670 11111 11111111 11111111
178; 1676 1111181111111111111
127.

1111111111 15.

11111111111131, 11131, 0111, 011)
11111111111111111360,11111111
111111111131

[13111311111111 113.

1133111111, 111. 1111111 (11111111-
111111, 111 81. 11111111 1111111
11111111 1681,1. 131.

111111111, 1111111, 111. Jacob
Christensen, 111 (1111111111 1
1111113 1661, 1. 131.

1111, 11111 1111111111111 111111-

111113111111111111111, 1513,

1. 51. ·

1111111, 111. (1111111111, 11181111-
1111, i). 11. 11. 1818, 1. 120,
121. 111111, 1111131111, 111111.
1559,1.95. 111. 11111111, iii
81111, 11. 11. 1111111111 1618, s.
110. 1111111, 111111111111661,
1. 118111111111111, 1111111111-
111111 13711377, s. 21, 26.

11111111, 111. 1111311 1111311111,
11. 11. 11. 1513, 1536, 1. 66, 89.

’ 11111 6111111, 1111111111 11111

1397, s. 31.]1111111311111, D.
11. 11. 1513, 1. 58. 11111611311-
111,11.11.11. 1513, 1111111 1536,
1. 66, 89.

1111111, 1111111111.

1111111, 11111111, 11111 1 111-
111, 11 811331. 1111111111 1
1111111661 1. 139.

111311113.

1111111111111, 111151111111,
1111111.

11111111,1111111111,111111 1371,
1. 15.

1111111,1.13111111 1, 35.

 

