066666 35, 126, 137. 616666 63
616666161, 7, 9, 15, 20, 21-26,
16, 56, 65, 67, 66. 616663666667.
066666, Delum 63 St. 116666
Amtmaeud, 661161116661118611611.

0666666666, 16666666, 1116-
1666 8636, 1166666166 1166666,
Τ.12,20.

0666666,116. 86166 7116166666, 1
0166166, Proust 1 116666661661,
6116.

0116 11616. 16361636, 066, 111161,
116. 6161666666 1311 (6611166166
6661636666 0611 61166 1666 1
61161661, tre 1661631666 666
66661 61 6161666616666166661
6.16,17.

6166116666, 1666, 1661,
6121126.

oldenborg 196, 197, 203.

016666616 59, 73, 61, 97, 101,
113.

0161636 38, 106.

· onus, 0166, ouer, onnus,

016, 116636, 21-27, 30. 66361-
6661666, 1161611166 11116666 1536,
6. 62, 63. 6166 1166666 1376,
1377, 6. 21, 26. 1166166666 166-
666 61166 1666611631, 6166 1
66610166 1163, 6. 16. 11616-
666666 613666 1 8666616 1661
6. 135. 1161636611666666, 1166-

66661106616366, 1166666661 1 ‘

861166 1661, 6117. 16616666,
66 711611. 66616661 0661666616
1661 6117. 116. 6106666116, 66
61666. 116. 661611666 66616636
1662 6150. 116011616166666
111 666 6666 1 66616166 1661
6130. 116.06616166666 111 166-
6666166 1661 6131. 116. 0661-
6166666 116666 10-1161666 63
16316166 1661 6135. 0161-
6166666 1 11661666 1661 6137.
116011616161166666, 01666666 1
1116666 1661, 6116. 116. 0661-
616066666 111811616661661 6117.
116. 6666666 666 01666666 1661
6117. 6616116666 1061061636
666661 1662 6119. 116. 11611-
666 111061166166366, 1166666166

sessu, 1662, 6119. 11666661 1

1 6. 6 11. (lew). 711163.

6666666 1660 6. 123. 666666,
1660166666 1691, 6. 293. 116116-
666 1 16666611666661661 6. 113.
66. 16661666 16161666 111116666-
1666 63 06166116 1661 6. 135.
116. 166666 16166 111116166 63
616666 1661 6131. 116. 166666
116666166, 6611663. 16666666
166166666631661 6137. 1666-
666 1 8166161666 816661 1662
6119. 116. 1666666, 1116666
1360, 1377 11661661661661816161-
661, 1136666 666 61616666, 661-
61661), 621, 25, 26. 6611666666
1111666663 {lesen 160¹ 6131.
6611666666 111 866116 63 116166
16616136. 116.6161116666,11661-
munder i 81. 11666 06666 16166
1116, T. 21, 25. 116. 11666661
116116661661 6130. 6661616-
666, 111111.. 66 816616. 111616-
666 1523, 616666616666. 11161-
66616661166163 1661 6. 111.
11161666, 6666616661 81666 1661,
6116. 0116666, 1666661377,
6. 25. 01616666 63 961666666
1360, 1377, 66 Luuge. Petere-
666 66 11116666 1360 6. 21.
16666666 666 66666666 1662
6160. 8661166666 1111636 1661
6137. 1161666666 616 111
11616163 11166 1661 6131.
066163616666116616616166193,
196, 197, 206.
061666 16316666, 661. 6663.
06661666, 6611661.
0666666661 19, 23, 62.
0666136666 6661661666 277.
06166 61, 66, 98, 106, 115.
061636611666 6136163 167, 166,
209, 261, 267, 268. 6666661166
616. 286, 269. 1666166166163 263,
261, 267, 266.
06661666666, 166366116666666 61
1666 synon 16666116.
066163, 0661616066, 1661, 6129.
0616 36, 51, 56, T. 76. 81111 Τ.73.
66666666 63 616666 36, 56, 66.
26666166 6661166161616 31, 36.
1631163102. 16361666 36.
06166, 116. 1666166 166666, 111
166666 63 116616 1661, 6131.

121

061661616, 1106616116666, 6661.
6166116161661, 6129. 611666,
111 8666166666 1 1116663 1661,
6131. .

06116616161166166361323.

061666, 06166, 66 061666, 0663.

0116, 0116 01616666, 61661 16-
6166666, 66 8616661666. 06666
61 6666666663 1262, 61119.
061166, 6611661360, 621. 1161-
3666666, 66 6666666666. 116.
1666116661. 1116166, Proust 666
6661661, 6132. 6616666666
111 16161666 63 1166116, Proust 1
6661666 1166666 1661, 6135.
11616666, 66 1166666. 1116166116
1131, 66 6666616666. 11161666
1661166163, 0661166666, 1661,
6136. 16661666 16166661606
1661 6112. 116. 6666166666 fl.
tu 66661636 63 6616166 1661
6132. 81666366661666661377,
e. 25 1816663666611. 116166616-
666 116366111 11661661 63 dut,
Proust 1 061166 1166666 1661,
6136.

0116, Augustinus, 111666 1661,
6137.

066, 01166 (16161636, 1636,
0116111161, Anderseu, 66666666
1 1666661166166 1661, 6116.
16666666, 1166616666 1 816666
1661, 6. 116. 166666, 66636-
1666166 1666366 1661, 6117.
116666111, 6616636.

0666166,“66. fluns Pederseu, 111
1661636 1661, 6132.

06666166, 116. 6166116 1166666,
1111166666 1661, 6116.

066636666, 1166666666 8636,
0166166116666, 95, 103.

0666611, 06666166666166 suga,
06661 666666, T. 17.

066, 116. 16666, 11611. 1163,
616. 11616666, 1611666666,
11116. 1523, 6. 65. 766666, 66.

06666116666, 66161 1666666,

’ 1166, s. 66. 16. 6666666

66616666, 1513, 6.57.·
0116666666 06666616.
0616, 11611161611666666, 11176666
63 Linde 1661, 6135.

le

 

