nagsholm, 81111111118111 og
1111111, 103.

1111, 111. 111111, 1111. 11. 1183, =

116. 111111, 11111111, 1371,
115, 11. Ι

1111111, 1111111, 1111111111,
V Magnusst'm, Norges 1111111,
T. 11, 18. vl 1111111111, 811-
11111 1111111111 1111111, 11, 30.
11111111, 811111 110111 811111
1661, 1119. 1111111111111,
8111111111 1 111111 11 vestre
8111111111811111 1861, 1. 119.

11111 Sogn og By, 11111111111111,
Τ.18,18,18.

11111111 11, 58.

11111111 11111111, 111111111111111,

11111111 1111111111, 8111111111 ’

811111, 1881, 1. 119.

1111111111 (11 1111111111), 111.
1111, 111 1111111111 11111111·
magle 1661, 1. 131.

1111111111111131111111, 1111111-
111111111 111 8111111111 811111
1881, 1. 119. 111. 1111111111 111
8111111,811111111118111111681,
1119.

111111111811111111111, 111111 111
111111111, 8111111131 811111,
1881, 1118.

1111111111 3818, 11.

11111 og 111111 81, 98, 101,
113.

11111111, 11111111 og 1111111111-
111, 11111111 Ernst 11111111.

1111111. 11. 111111, 1. 11.
8111111 18, 86.

limburg 18, 88, Τ. 58.

1111111111 111 81111111111111 38.

1111111111 1111111111, 8111111
81111115. ’ ·

11111111, 1111111, 1111111181-

· 11111111, 18111111 1661. 1111.
111. 1111111, 11181111861, 1. 117.
111. 811111111111111111 1881,Ι
1 111. 1111111111111111, 111
1111111 1661, 1. 1311 111. 111-
1111 1111111111, 111 1111111 og
811111 1881, 1. 131.

Hammermfiller, 111. 811111
1811111111, 1 811111111661, 1.
131.

1111111111111111111111118111,
10, 11, 88, 18.
11111111111111811111 81, 61.
1111111 1111111181, 181, 155,
319; 1111. 111111011111111111-
1111111. 011· og 1118111111,
1111111111 og 1111111111, 318.
111111111111116, 8, 10, 11, 13,
18, 13, 18, 51, 81, 88; 1111111-
111 81, 91, 105, 111. 111111-
11111111111 10, 13, 18, 13, 81,
61, 11, 81, 93, 108, 115, 116.
1111111 11 1111111111 et 1111
88113, 118. 1111. 0111111111-
collegium, Gonsnmptlon, 1111.
11111, 1111111111 (1111. 1111,
111111, Ion), Konge 18-88,
80, 11, 11, 18, 88, 88, 91, 108,
Τ.11,18. 1111111 (d. AE.) 1.
81-68. 111111 08. 8111 1811-
1111111111. mortemon), 11)-
bed 1111111111813, s. 66. An·
111111 1111111111 1801 1. 110.
11111111 181111111111111 1661
1. 111. 111.11111111111.1.1111118
11111111. 11. 1111111111
111111 1111111111 1861 1. 186.
111. 8111111111 111111111111 1881
1. 133. 1118111111111111 11181111
og 111111 1661 1131. 111. (11111-
11111111 18113111111, 11111111-
mand. 111. 0111111111 111111·
1111 1881 1. 188. 811111111111 1
111111111111861 1. 111. 111. 01111-
1111111111 111 1111111111811-
111 1881 1. 131. 111. 01111111
11111181, 11 leger. 111, 01111111
111 81111113 1661 1. 181. 111.
8111111 1181111111111, 1111-
111. 811111111,8111111111111 1
Christiania 1861, 1. 111. 111.
8111111111 01111111 1 111111-
herred 1081 1183. 111. 111114
111 1111111 111 11111111 111111·
1111111, 111111 1 111111111111
1881,1. 138. 81111111 1111181
1681 1. 138, 111. 1111111111 1
8111111111 1661 1. 131. 111.
8111111111 1111113 111 1111111111-
singu og 1111111111 1861 1. 181.
111. 11111111 111 1111111111 111111-

111861 1,.180. 111. 1111111. Ι

103·

til Tangerup og 1111111111 1661
1. 131. 111. 1111111 81111181 111
1111181 og 81111 1881 1. 181.
111. 11111111 1111111111 111 8111111
1881 1181. 111. 11111111 111
8111111111, 1111111. 1111111 1
11111111111881 1. 131. 11111111
1 1111111 1661 1138. 11111111 1
11111111 1661 1138. 11111111,
1111111111 18111111 1861, 1. 111.
11111111 111 11111111 1861 1.
180. 111. 11111111 18111111-
1111) 1861 1.131. 111. 11111111
1111111111 og 1111111111, 111111
1 8111111111 1881, 1. 131. 111.
11111111 111111 111 11111 og'
Vlnge 1661 1. 181. 11111111
111111111111 1861 1. 111. 111-
1111 1 1111111111 1680, 1661 s.
113, 181. 111. 111111 111 811111
1181111111111661 1138. 111·
11111101111111111111111 1681 1.
131. 11111111 1 811111111661 1.
138. 1111111 18111111111111881
1110. 1111111 1 8111881111 p.
11. 1881 1. 111. 11111111 11111-
1111 1881 1.1.11. 1111111111 111
81111111111111111111. 1111111111
11181111111111111111880, 1881 1.
111181. 1111111111111111111111
111 11111111 1661 1131. 111-
111111181111111 1680, 1881 1.
113, 111. 111. 1811111111 111
8111111, 111111101111111111111113
1111111 1681, 1181. 111. 111-
1111111 1111111111 1861 1133.
1111311111 1 81111111 1861 1.
138. 1811111111 11111111881
1138. 111. 11111111 111 1111-
111111 og valby 1861 1. 130. 111.
1111111111 111 11111111111118111-
111111 1861 1. 181. 111. 111111·

sen 1 818111131111111 1881 1. ’

133. 111. 1111111111 111 111111-

1111111 1181111111, 111111 1 ,

1111111111 1111111 1881, 1. 138.
1111111111] 111 01111 og ’11111-
nup, 1111111 111111111111881,
1. 138. 111. 1111111111 111 1811-
1111661 1. 111. 111. 11111111
1 1111111111, 11 1111111. 111.
1111111111 111 011, 11 811111.

 

