68

30010 00110001000011011111110111 01011 maoth 00 1011. 11001 11011000 110000 00101
- 010111 00 100031110000 000111011, 0οῶ 11οῶ 11111 hanna 0010 1 30011000 0001100110
00110 110011 00 0001110010οο , 01011 10000 00 10030001] 0110001100010 003 1110000 1010-
111001100 01011 00 10001 Βο0000110101 001 11100113οε1 00 0101000 10011 110001 0000100 1110010000
30010, 300110 00 00010111, 00οῶ 110000 0010 011111110100 1111000 vinno 01100 sange fra
0001010 10100100 1001 0031100 001110 30003. 11001 000 11011000 1101100 0010 1100100011 00
1001011011 1110011011130 11100110, 1100000011, 0001011100 0000100100110000000000, 11100 hauns
0010 besynderlig 110010 011100103110030 00 1100110000, 00 00110113 103011 fra thennom
11000ορ00001031100 00 1011011100, 0001 1110 0111001010330101000 00 00101111001101011000
00011 00110113111101100 01001 010 1000103113 001, 10110111, 0110011100 1100031111 000000.
11010 for 11000001 00 00100 110000 hanna 00110 101010101130 300010300 00 1011011130
00300000111110 00 ther ieke nw 00 0001101110οο0 vthy 1110000 1000110 0130 1100000001
8001130 00 1110030, 00100030 00100 1100003100 0111110011, 11110111 00 1001113011, 00111 00111011
1300,81000300000,811000, Vestheraarss‚ 1101100, 000100, Βο03000 00181010031100, 1110000
100 01311000 1011333000 11111 010000 bryst, 010100011001001100. Jtem 11011000 110000 0010
0001010101ἰο 01000101111 0101100 00 0111000101111011, 110030100113000 110000 00110 00011 her
and Κο01100000111100, 00111 110000 00101001 1010010330 01001 110000 nadis 00010
rad 00 10111. 011000 103 hauns nade⁸ alle hauns arffuegoedz vnder 11000000. 11001
111001130010 mod 110000 00110 0010 1οῶ1001101001033010111001113000001 Το0110000
0100 , 11100113οε10 1110001000 Ηο000 00 8101100 11010000100001 hanna 00110 00 01311000
100 11000000. 11001 0001010110 mod 1οῶ 00 0011 1001 hauns 0010 131100 0113001100 011011
0110011101)οὃ100 11100110 1 Αο00 velbyrdwg 000001 1103110110 Τ110100000000, som 11110
01011 0100 011011 03 0000000011 som 00 0110001000 100001 1111010 011 31100, 03 1001 1100-

0001 01100 110030 00011100 111111 011000111011100001100103 01111 110000 30010 00 «

110000 1100010000 3001011101110010000000. Jtem 11011000 11000111 0010010110 10001 110000
00110 10001111, 101003011, 100 00101100 011100 01100101οῶ 00 0011 30010110 jammerligenn
011100 011011 00 0101110000111 101000103300011300011001111011130 0100030 0111000, 8110·
rigis rigis 0001, 0101000, 01110001011100 3010 100001 vthij 8100111011, 0010110000 0010
100 00110000 00110001030001100301111, 110001 0011000011 1101110. 0010010110 103 110001
00 01111 1110000 30010 1011100110ρο00 00 00 00011 01111 theros 1100010000 00 1111011100-
301111. Jtem 11011000 110000 0010 001001010110 110011011011110000 00110 000111,1·111000,
0101000, 3010010001, 101100 00]·001101100, 00οῶ 00100 1111011100 00100100, 0011103011
111000010 fra 1110000 03110011 0000010311οο 00 101110111ογ, 0000 1110000 1000110000 aff 001110

- 101101110011101001010. 1(1111111011 00. 100010031οτ1 (1. 101111110οε 00. 1111111ὁῇ001
forn. ⁰0: 111110. 100 01003100 1 B. 1 1010101100 01100 - 0010 har C: 00103 0111000. ¹13:
81103100 Weffuerstedt. 1108101000 Webemteenn. ¹⁰ G: 30010 01003100. 11 C: 11011000 11001 10003100.
11 (1111111000 00. 110111610110111000 0010. 11000003100111. ’11 O: 1011003010. 111011 01003100
1 c. ¹⁸¹ (1 1111011001 00 0011111 1 100300011 0000. 11 B: eygett,

 

