161, 1116116116, 6161111361- ι

1113161166 1661, 1. 133.

Remmius 6111111661 1616136-
1111 1661 1138.

6616113 116611161, 1161161
1311, 1. 21. 61. 0111111 16
61613 1661, 1133.

661111, 661113 616616111111616,
16, 20. 61161111 6111111116 1391,
1. 31. ii. (6111161131111 1661-
kilde 1360 1. 10. 61116 11 8161-
113 1311, 61. 616111 161111
1623, 1. 66. 61616 11 (11616161

1262, 1. 1. 11361161166116116. ,

1116111161, 161161 1311, 1.
25, 21. 011111611161, 111661
6616, 1616116111161. 61. 0111-
1111111 1 6161111 1661 e. 132.
611111111, 16 1116131. 61. 661-
111111 (1.,11061116. 6111161-
161, 11111111 6666111111161,
T. 36, 69. 61111111161111 1 Sex·
11611131661 1. 112. 16661161
1111111 1661 6131. Ι1611161
(61 Ledo), 616661 1311, 1. 26,
26. 111111 1111613 16611.
136. 1616111111, 11111161 1311,
1. 25, 21. 1111111161 pra 6111·
66116 1662 1. 160. 161311111 1
111613 1661 1. 139. 61. 01111
tii 1611161 63 6611116116 1661
1135. 0111161 161631111 1661
1. 131. 61. 66611161, 1666111)-
1111. 61. ’1136161 tii 61113-
11111) 63 613611166, 616111 idi-
eiedherred 1661, 1131.
6611111, 61. 11611316 661161-
161 1661, 1. 130.
66111311661 61 16161366182.
6111166, 6111) 1 6161113 1311,
1161 11111116 661111.
6111116111, 11 6111116111.
611166631 51, 12, 81, 66, 101,
112, 116, 116. 1111. 6116161.
661116116366 11, 11, 21, 56,
13, 61, 96, 101, 116. 6161
1116 66166 16611161111, 11;
36161 1661611611 661 21 ; blot
6611611616 69.
61111611161 15, 68, 100, 108,
111.
’6611161111116156 13, 61. .

11 6. 6 1. (rede). 111161.

611111166 1111611 66.

6611161, 61.1611111111,1611111·
herred 1661, 1. 133.

6611116, 61. 6666161611661, 16
661111661111 63 6611166161161,
616111 161161111661166 1661,
1130.

66111661, Theodericus, 61111611

f 1111611111, imp. 61161. 16111111

1112, 123.
66116, 11611116, 661· 63 1161111-
111666 1610, 1. 202.
611161136136616, 616116 661-
166, 80, 61, 65.

661111111161, 1111161 61661- =

1111111111 1661, e. 136.

66116 63 61161 mea 111111 63
6161161 e] 1111361 iil 61166622.

611163 1111161 161161111111166
1111111, 1161161611116 16111-
311, ’1.1, 13.

6111111, 6611161, 66161161,
66666161 111116161 111 1611113
1116, ’1.13, 11. 11111111, 666
1116, Τ. 13. Silindion ’1.66.

6611111661, 86, 66, 106, 116.

61616, 611, 66111111, 61. 11-

6111 6111111, 111 111166 1661, 1. ·’

136. 61. 01111161161161, iii
6611113 63 6611166 1661, 1. 133.
61. 6661166611111, iii 011611·
31111613 1661, 1. 131,

616111, 61. 111661 6161161161,
6166111111, 8111 6311111 1661,
1131.

6161111111, 61. 6111116661 6.,

’ 61 6613116, 116611611116616-
1161 1661, 1. 116. 61. 1661161,
theol. 1661. 1611161361 1661, 1.
116.

616111116, 61. 61111 (1161111111,
111 661113 63 61111161 1661, 1.
131.

6111116111 663163 6111111111)
611166, 11, 21.

611111113, 6111611116, 286.

6116111116, 616616111111611
61111111 6111161111111 1661,
1130.

61116111161 61116116161161 1
1161116 1661 1112.

6111611111, 61611116111111, di

105

6111111111, 616111 1 6111111111
· 611166 1661, 1. 136.
61111166116111, 6116611111613,
66. -
611613111 63 111111111111666,

11 6111 6161116,

6116116111, 1611161 16661111,
61. 11661, 6111111111 1661, 1.
126.

161611, Cervinus, 113111, 6111)

1661111661282,1.1, 1, 9. ii.
Larrids 6., 111 6111111111) 63
6116111) 1661, 1. 130. 16661111,
1339, Τ. 1.Ι 6661111616611161111-
16163666161111 1680, 1231,
231.

6111111161, 61. Alexander 11661-
111, 111 11111166 63 11661111)
1661, 6131.

6161113123, 110.

6161113, 61. 61611 66611166, 1
6111611161111116 1661, 1. 130.

66116 123, 111.

66116, 61. 01111161 11611111,
111 Aere 63 661116 1661, 1.

131. 61. 616116111111, i 1111-
1116 1661, 1. 136.

661, 6613111, 1161 161611 1 61-
311, 118. 6611 1111111611116·
16116116 6616 63, 112. 661-
63 0111111616116113116111 161-
11111 116661 116611 661111111111,
163, 165. 661, 1131- 63 61116-
1131611111 11611661 6611111113-
1111611111 226.

6616113, 61. 11661 6161161, iii
11611611 1661, 1. 131.

661161111 231, 282.

6611111,16111616161111111611·
11111666, Land- 63 1111316611-
1111161111 1 661161111616 1660,
1. 266.

661111111111236.

661111161 231. 11111111 161236,
236.

661116161166111111661316. -

66311116, 16 6131111.

661111123, 136. 111111161611
1631111611.

661161, 6101111161116161, 111
(1161166 63 idearum 1661, e.
130. 61. 66111166611161,111

’11

 

