126

1661, 6128. 11611161, 8166666,
1660, 1661, 6122, 128.

8611611, 81. 1611166 6161666, 111
86666111116111 og 866661611161
1661, 6131. ’

861616, 01616, 16116666 6161
11616166 866661 1687, 6. 253.

866118, 72, 1.33,17, 18.

8616666166, 6616166166 8666-
6161, 16116666 1, 661161166
111666, 16666 11166666111616.

8666, 8666, 1 6616161 1861,
6112.

866666616, 81. 166616161666,
6181611616116611666611616 1661,
6185.

866666616 6616 237.

86666116666, 1161 11161666, 111
16661166 1523, 6. 65, 66. 1161,
61 8161161611 1721, 6. 91, 95.
86166, 861661666, 1661, 6128.
811116, 1661, 6128. 81. 8111
01166666, 1). 8. 6616166161 1183,
616. 8111 811666, 111 11611161)
1616611666. 6111666166,
6122. 128. 866616 81116666,

, 1136118. 86666, 1). 8. 8.
1660, 1661, 6128128. 861661,
111 861161, 11. 8. 8. 1559, 6. 95.
166661660, 6122. 1666, 1166-
661616661678, 161161666 6161
616616 66 116661161161161 1690,
6. 222, 283. 1166166616666,
1136, Τ. 18. 16166616661861,
6122, 128. 16611611616666,
1377, 6. 25, 21. 111. 166116
61616666, 1165,1.12. Magnus,
1661, 6128. 111616 11616666,
1377, s. 25, 27. 81. 111616 81116-
666, 0. 8. 8. 1513, 6. 56. 61616
1661166666,111 1161666616 1523,
6. 65, 66. 61616, 1661, 6. 129.
016161616666, 111 811616, 118 8.
1523, 8166611536, 6. 65, 66, 89.
0161, 1661, 6129. 0116 61616·
666, 1131, 1. 19. 0116 8616616-
666, 1111161161, 11. 8. 8. 1523,
665, 86.

8666666161, 66 1611 6161666.

86666666116, 1666 1616666666,
1523, 688. 0161, 111 81616611,
11. 11. 8. 1596, 6103, 109.

8666611666, 1166111 1111661666.

1661, 6128115. 61. 1611161·
666666, 1111666 66 1116161 1661,
6133.

1166166, 81. 8666 0161666, 1116-
1116611616 1661, 6131.

86611166 85, 79, 128, 138.
8161161 1, 1, 8, 20, 21, 26, 81,
35,16, 56, 65. 11661161 122.
6661111666 1161111 11. 1161·
61666 6161 8. 6611166616166
161161, 66 81. 0116 11161166.

86616111, 1161616111 18666166,
8661661, 16661166, 1326, 615.

866166166, 81. 166616 1166666,
1118111661166 660116 1661,6. 133.

86611666616 111.

866161, 1161161 61, 1, 7, 9.

8661616, 81866618616 1661,
6130.

11661161, 11666, 1661, 6128.

866666111666, 81. 1111116166, 1
81616166661861,6.131. ,

8616166, 66 8666166. ’

8611161661, 1611611 01111616 166
116116, 1661, 6128.

11116, 8116611, 8111,1666,1166661
1877, 1116661 1397, 6. 25, 26, 31.

866 (6616611111. 111. 16661 866-
1666666, 1 06161616161 1661,
6131.

8661166166 123, 111.

8166616 1611161666, 66 161666
11666.

866661666616, 66 866166616.
8666661161,111166661118616·
161 66 1116161666 1661, 6130.

86611666, 66 86666.

86116 61161 81166161, 161166,
1110, 1113, Τ. 71, 72.

8666, 1611166 6161666, 1 86111
1661, 6111.

816616, 81. 11166 6161666, 111
16661666 1661, 6188.

816, 61. 01611616666, 61 1116161
66 81661661, 6131. 11186661
1616666, 18166616 611611166-
6166 861166 1661, 6131.

81111116 88.

81116116661161, 0161, 1661661061,
6115.

811161166166111661, 8116661866-

mussan, 18616661 1661, 6136·
81. 11661666 86166666, 111 811666-
1166 66816166, 116161 1116161116-
6616 861166 1661, 6135.
811161· 66 01116616666 257,
258, 217, 280, 285, 295, 296.
1116611,8666,·8666, 1161118666,
866616161 661166, 1. 12.
8116111112.
866161, 0116 11616666, 6. 8. 8.
1183, 618.
866, 81. 1611166 161666666, 1
Ι116666 1161166 1661, 6133.
86666661, 61. 1161166 166166,
0111666116166 1661, 6131.
8666166, 81. 16661 6161666111
81661166 66 1111166 1661, 6136.
866661, 61. (11616, 1111. narsi
1183, 616. 81161, 1128, 816661
1131,1.19,71. 81166111811611166,
118. 81559, 6. 95. 11611, 81611
1066666 1183, 616. 81. 61616,
1166 816661, 1. 71.

861166, 81. 8161116661666,,111
Sinda! 66 1611611 1861, 6135.
866616, 8666 61616666, 1120,

1121,1.11-16. 6161611623.
16661 61616666, 1120-1113,
1. 11-16, 23, 21. 1166, 1120,

1121, 115.

8666116, 86161166666111661111111,
1686166161, 116161 1 866661-
herred 1661, 6131.

86661616 10, 12, 22, 63, 78, 81,
96, 101, 118, 1. 6.

86611161166, 66 8111116.

8611661616 11. ,

8611666666111166 321, 321.

861166666 (11111 81661661), 8111
6161666, 61811666666161 1876,
1877, 6. 21, 25, 21. 1666666
1166666, 1377, 6. 25. 61616
81111666, 61116661360, 6. 21
1816661 1871 6. 25, 2611.

86116, 86116, 1161166611 8666,
11616166116111616 861166, 120.

86616166, 1666111111, 1151,1. 26.

Samuel 6161666 1 6616161 1661
6112. 1111161666, 8166616666
161616 1661, 6116. 6111161161
18661166 1861 6138.

 

