611111111111111111111111116- 1111111811111 1661, 1. 119,

118; 1111111 170-173. General-
111111111111165-167,170-171.
1111111111 231185. 1611111111
181-181, 118, 119, 301-306.
1111111111111111151-157,162,
168,190-101,310-311. 1111111
111111111 175-181, 111-216,
130-135; 1111111111116-118.
11111111111111201-103. 11111-
collegium 160, 161, 189-191.
1111111111111111 1 01111111
188 - 186. 0111111111111111
118-130, 111111111111111
86111111 211, 215. 1111111111-
111111 109-218. 1111111111111

120-111. 8111111111111111111 1

161-169, 171, 173. 81111111-
legium 157,158. 8611111111111-
111111 111-111, 306-310, 318
-311, ’1111116111111111111-
1111111111 311 - 326. 1111-
111111111111 1111111 188-111.

1111111111111111111186111111
118.

11111111, 111111 11111. 11111,
1111, 111, 11111, 111), 1111111,
11111. 8. 1111118111111 1821,
mmwmmfflmm
1111111111, Lector 1 1111111111

1517, Τ. 19, 51. 111111111 ἰ

11111111 1611, 1. 139. 111. 111-
1111161, 111111111111111111 1517,
1533, ’1. 51, 61. 111. 1111111111
6111111111111111111116601.112.
1111111 1 1111111161 1660, 1661,
1. 118, 131. 11111111 1111111-
611111661 1. 156. 11111111 1113
Τ. 6. 1111111111 1. 11501. 26.
111. 11111111 1 11151, 1111111111

1
1
Ι
1

1116111111, 111111111111111 11
1111111111 811111 16611113.

109

11111111
11Μ1ηυωω
mwffiwQQfflm

111. 11161111 11111111 111 11· 1611111111111, 111111 111 01111-

11111111 1 01111, 1111111111,
1662, 1. 119. 011111111111,
811111111118111111661, 1119.
111111611111 11 0111111111811111
1561 1. 119. 11111111, 811111-
mand 11111116 1661, 1. 150.
11111111, 111111 [1111161111
1662, 1. 150. 111. 111111 11111-
num 1661 1. 131. 111. 1611111,
111111, 1111101111111, 1311111-
11111 811111, 1601, 1119. 1111-
111, 11 1161111 11 8111111111
8111111661, 1. 119. 11111111, to
861111111111111611111662, 1. 150.
1111111111 111 11161111 1661
1. 150. 111111111111 11161111
1662 1. 150. 1111111111, 1111111.
111. 1111111111 11116 1 11111111
1661 1. 150. 111. 01111111 111
111111111111111111111, 11111811-
111, 1661, 1. 119. 1111111161, to
361111111111111111661, 1150.
11111111, 1113111111 111 11161111
1662, 1. 150. 11111111111111111
1111111 1661 1. 117. 11116111-
’ 111, 8111111111 1 1111111111
81111116611119. 81111511111,
111111 11 1111111 811111 1661,
1. 119. 811111111 11111161111
16621150. 81111116111111111-
1101111111 11 81111111111811-
111 1661,1.119. 11111111111,
1111111111111111 11 11](1111811111
1661, 1. 119.

1111111113, 1111111116] 1111111,

167.

111111111116611116. 11· 1111111111, 111-111111 1111

101111111111161111 1661 1110.
111111111 1113 T. 6. 11191111·
111, comminister 1011 1661
1. 117. 111. 8111111 1 11111111,
1111111 1111111111, 161 1151,
T. 1819. 111. 86111111 1111111-
111611661 1. 131. 111. 111111
111 1311111131 1661 1. 181. 111.
1111111111, 1111111 1111111111
1156, Τ. 31.

1611111, 61, 75, 81, 86, 100,
108, 111. 11111 111111111116.
8,13. 1 1111111111] 1111111111
11 1116111111, 55. 3111111111
maa 11 1161111 11111 pantes 11 111
11111, 98, 106, 115.

1111113111, 1111, 56, 61, 71, 75,
81, 31, 81, 96, 37, 91101, 107, Ι

113. 1111 e] 11161111 11111 pantes
1111111, Dronning 1111111111

11111111, 161 1111111, 31111 1116111, 11111111 11 1111 11111,

111111, 11111811111, 1662, 1. 119.

loseph 1111111161, 11111111 1811,
1. 21.

1111, se 1111.

11111, 111111111111111 11111111
1661, 1, 117. 111. 0111111111,
11111111. 1111111161 1111111
1660, 1661, 1. 113, 112.

11111155, 113-115, 119, 312.
111111111111111111111171-116.

11111111 1111111111 313. 11-

111111 11111111 11 1111111111,

11111111 11111 11111111 111, 116.
1111111 1111161111 111 8111111111

811111 1661 1. 119.

11111, 1111111111, 1 111111 1661,
1136.

11111111 Τ. 11, 18.

11111111, 11. 86111 11111111,
6111111111, 111 8111111111 og
1111111, 111111 11111111111·
11111111 1111111 1661, 1. 130.

11111 (111111, 1111, 11111111 1661,
1. 119. 11111, 1661, 1. 118. 011,
1660, 1661, 1111111111111676,
1. 111, 118111. 16111, 1661,
1118.

1111 (8111111161111, 1661, 1. 118.
111111, 1111111111 1 11111 1821,

. T. 1. 11111111,1660,1661, 1111,

129. 1111, 1660, 8111111111
111111111111111 1661, 111, (11-
1111111111 1691, 1. 112, 119,
161, 191. 11111111111111111-
1111111111 861111111111 811111
1111111111111111811111), 1121,
Τ. 16. 1111, 11111118 81111 (tn
111111101111111111 1110, 112.

ι 111111, 16601661, 111., 0111111-

111111111111111111 1690, 1. 111,
121191. 11111, 1661, 1. 129.
1111111111111111, 111 11111 1513,
1. 65.

ι11111 (1111111111), 1111 1111111, 1

1111111111111 1661, 1. 113. 111.
1111111111, 111 011111 og 1111-
11111 1661, ι1. 186.Δ 11111,Ι
11111 1661, 1. 187. 111. 11111111

 

