89

,44444444144444441832044201, 4144444414. 401444, 44 404444.Ι 330.444440344444444,44444443-

232.

4401444411, 4444443 41 8144413, ¹
04444 41 14014444, 44.

44013414, 144. 1444 24444444, l
Froen, Proust 4 04444444444144
1661, 4. 146.

44443, 414. 11444 14441444, 41441
44444 4444143.

41144 Τ. 47, 48.

4334441444 243. Len 148. 84114·
44144443444444, 44 444. 44444163,
0144144144 840041144. 4444444444,
44 4414. 2444. 0414444044, 1444
11441444, 0144444144 84044444.

43344434, 114. 144414 24404444, 04
4611644 03 44344434 1661, 4130.

1444441414,444444444444414414·
141444444 4143444, 44 1444444144.
11444410444441444 03 44414344,
14444444 1360, 4. 20, 21. 6444-
4104 4444444404 1442, 4440, 441
4444443 4144, 4. 44, 44, 44, 44.
84444444 844441444464, 844444344
144441443445. 64444444, 1457,
Τ.72. 04444, 044444111444 1661,
4. 164. Τ41444414,04444444443’04
1661, 4164. 1141441414, 1444444,
8444401444 l 441444 1666, 04444,
8444404444 1 8144443 0314014444
1670, 1444441441676, 1680,
3, 475, 205-207, 222, 226-
228. 004414, 814444344 14444
1448, 4. 45. 004444, 8143 41
8144443 1517-·1521, Τ. 46-56,
58. 44444 7444444464, 1442,
1446, Τ. 21, 72. 144. 14444 14444-
44444464, 444 4644143 1485, Τ.
70-72. 444444, 0444444114444.
1661, 4164. 1141144414 (114

. 1’644143),164 1442, Τ. 22. 144.
4144414, pan 11444441441444, 464
1500, T. 71. 1444414, pau 244404
1521, Τ. 57. 1444444 1414144444,
4118134444 1526, Τ. 61. 144.
401444,81444134414444 1448, 4.
45. Tru 144434444, T. 69, 71.

4414444, 4444 404, 4444444444 0444
1404444144,40444640386444464
1601, 4. 253. 2441444 404, 1661,
4146.

414444, 444. 4444 24444444, 444
84141444 03 Lundby 1661, 4134.

44 4. 4 4. (1440). uum.

4114444, 4144440144, 4114414,
04444 4184444444 1262, 4. 4.
04440 4101410444 1282, 4. 4.
144. 4444414464 4134444444 1320,
1326, 4. 11, 15. 4444444441377
4. 25, 26. 444. 0444444444 441
44444146 41144 441643 1661 s. 131.
444. 44004444 441 844443 03144441
1661 4. 133. 1444434404, 44
8444444443. 1444444444444444·
1441 ’03 1404444, 240444 444044
1444 1661, 4. 135. 144. 84444441-
444, 44 8014444444.

44444414, 444. 2., pua 84414444
1601, 4. 146.

Albinus, 44 44444.

444, 4444 444444444444444444,
4. 31 180144). 144. 44444044 441
144144444444, 414404 844441, 1662,
4. 140.

41344 4103444464, 44 844444.

411443, 144. 144414 24444444, 441
4414 03 4444143 1661, 4. 136.

4144441444, 1141444444 44444 444-
44434444 8441444444444143,
1404444 04444, T. 23. 4414. 44441-
4444444444.

4140, 144. 44444444 8144404444. 1
1444441434 1661, 4. 131.

4144443, 444. 1044444 24411444,
111443444441114444043 1661, 4147.

4144444444 (16130 4 0444444 41444
perpetu! 4144444) T. 23, 50.

414444, 44 4444444444, 8444444444.

41444, 44144, Tyrstrup 1144, Τ. 4.

41444440438344444444404,1334,
Τ. 4.

444434, 1414014444, 2444441 Step-
344443 1415, Τ. 11.

4444124111444, 40 4114444.

44444314144, 44 444404.

1444444444 1044444444 285. 144444
14444444 277-283. 1440434, 44
440434. 244144444, 44444 14-
444444 274-276.

4444441444 273-285.

4404444, 1444344144, 444410-
344444,4434114414014143,24444
44144144 1661, 4. 133. 44. 86-
444444 414014143, 2404444 84444·
4444441661, 4. 133.

444444, 444.. 1414414 1413, Τ. 7,

, 141014143. 14444444444 1 1104444,

44141434401443. 114. 44444444 4
4144444144, 44 41444443. 44444444
1 1404444416οΙ 4138. 8444444
1 4414440043 1661 4137. 114.
844441444 Ι 3443444444 1661
4. 133. 144. 04414444444 1441444
414 8043144144 4044444 4661 s.
132. 114. 0444144444 184444,
24044411444444444444444444 1661, .
4. 133. 114. 0441444440411444-
4443444 1861 s. 134. 144. 01444-
4444444 Ι 2444444, 44 21444444.
414. 01444444444 14414043 4 1141444
1661 4130. 04414446441414444
1377, s. 25, 27. 444. 14414444
14414144444004444144444 441 8441-
11434, 240444 1 1444 1144444
4661, 4131. 1141444114444
411 11444444 4661 4133. 114.
044344444 8144444444 41 1141144444
03 4144144 1661 4130. 44.
14444444 441 4444443341444 411444 4
14141444 1661 4. 130. 1441144-
444 411444314144, 240444 4 844444-
4441661, 4. 130. 144. 1144444 414
1411444 41144 84444443 1661 4.
134. 44. 4144444 44 444444 03

’ 44444 11444443, 2404444 14144444

1661, 4. 135. 1440141, 44 041444.
4444464, 414444441377,4. 25, 27.
144. 4444464, 004444444 41444444-
144 1443, 1431, Τ. 24, 26-28,71.
114. 144444 411 1444414443) 03 84444
1661 4. 134. 444.44444414444
4180114346 03 04444443) 1661 4.
135. 1044404 1 Το44404, 24444-
4444 1451, Τ. 25. 4044404 T. 614.
1444444444, 44444444 1438, 4. 33.
444. 4043444444 2444 414 84444144
1064 4. 131. 114, 1114144444
4044444444 441 44044 03 Τ444 1661
4. 135. 1444444444 1413 Τ. 6.
144. 4444444444 1 4343144, 84441444.
1661, 4130. 4444144444 Aug..
4414434444. 1444444444 414443-
44644431661 4140. 43414444
4444414444 1664 4139. 11414144·
444 4124444444ον 03 1104444444-
144] 1661 4131. 1141444444
44 6444 4044 a. 444. 444144,
80434444444 1 Τ64414443 4661,

12

 

