0131111, 01111111, 1113, Τ. 8.

0111-0111111111, 11111 0111-
11111111, 1601, 1. 129.

011111111111 196, 197, 203.

0111111111 1110111- 13,οῠ-
111111, 1101111111111111.

01111111, 1111111111, 011111
0111111111, 1111111121, Τ. 15.
1111111111111111111 1661 1. 110.

011111111, 01111, 0111111-
111111 1011101113 1011111111
1600, 1661, 1123, 138. ,111
111111 111 31131111, Proust 1
80111111111110113111111, 1661,
1. 132. 111. 80111111 11111111-
131113 011111 1661 1. 136.

011111111111101111111111311
11111311 11111 0111111 01111111
178.

011111, 111111111111 111, 1111-
1013 1061, 1. 139.

0111111113, 01. 11111 11111111,
111 0101111 ug 11111111 1001,
1133.

011111111111, 11111111 1111 deri
1111101111 vicarius, T. 20.
011111, 111. 0111111, 11111111.
111.111111101,111111111101, 011-
111 1 1111111111 1111-1111,

Τ.35,10,72.

01111111111011.

0133111111111319.

0111 1101111111 13 111111 01311-
11111112262,

0111111111, 11 0111111, 11113111
0111111113, 0011111111, 1111111111·
1111111, 0113111, 011111, 01111111
011, 01111111111, 0111111111 1

’ 1111111111, 11111113, 111111-
1111111131, 0111111, 011111131-
111, 8011131111.

01111111, 011111111101 0111-’
1113, 19, 01, Τ. 16, 17, 68, 70.
Christian 1111 01111113, 90-93.
01111111 1111111111, 11011111.

0111111, 11 Τ11111111.

0111111111, 11. 011111013111111,
111 0111111111111 13 011111 1661,
1133.

bruchardus, 11011111 Severini,
lingum 111111 prus. 8111111
1661, 1. 129.

11 05 0. (1800). Titler.

1

0113111, 01131,11111180111111
11111111, 01111 1111, Τ. 25.
0111, 11111111 1 1111111111 1151,
1156,Τ.29,32,60,70. 0111106.

0113111111 1111111111, 11 1111-
11111113.

011111, 11.1111111110111111111,111
01110111380111111111601,1130.

0111111, 71111111, 013111, 12.

011111131113 1111111111, 11
(1111111011 01111111 111 01111111.

0111, 11111111, 0111111111 10111
1282,1.7, 9.

01111, 103111111111, 11111-
111, 20, 20, 27,«33, 35, 157-
150, 1111. 10111111 0111111,
0111111111 1011111, 11111113
01111111, 11111111 61111111.

01111111), 0111 11111111, 11111-
111311 1661, 1. 110.

011 1111111131), 01111 og 01113,
1001, 1. 129. 1111111, 0. R. 0.,
11111111. 101311 01111, Amt-
mund 1111 0111111111, 0111113
1111111113 111111 1690, 1. 283.

011 1111311113), 111111180111-
111, 111 0101111 13 0111111111
1661, 1131.

01111111, 01111 13 1111111113
1111111111, 11101311 81111011.

01111111111, 1111111111, 1111111
1661, 1137.

011,1.131,1111111 1377, 1. 25, 27.

011111, 01.]11111111111, 1 0111-
1111111111111 1661, s. 133.

0111, 11101, 1377, 125, 26.
01111, 1661, 1. 128. 1111. 111.
Ture 11111111.

01111111, 11 Τ1111111.

001111111 29.

0111, 111. 111111 0., 110111.
01111111, 01. 11111 11111111,
11181111 1661, 1. 131.
01111111 123, 111.
011111111, 1101111111.
0111111, 03111101, 011101
01131 111011, 611111111111111-
111 0131, Τ. 69, 71.
011111111162.
033111, 03311111, 11111111, 1
0111111 1601, 1. 138.

97

033111, 0113111111 1 1111111111,
Τ. 70. 0101111111 11161110, 811-
11111111 1 111111101111111111
811111, 1602, 1. 113.

0111111111 01111111 Τ. 5.

0111111113 Τ.73.

01111 01011111, 1100111.

01111, 01. 01131111 01 01111-
111111111101, 01111111111111002,
1. 119. 0111111, 0113111111-
11111 11 1113111 1 0111111131
811111 1662, 1. 119. 010111-
111111111111 11011, 0111311111
811111, 16631113. 0111111111-
111,81111111111 1111111 81111111-
110181111111111011 1062, 1. 113

011111113, 01. 01111111, 1111111-
111 1661, 1131.

011111111111 0111111111 Τ. 10.

· 011101111111, 011111 1377, 1. 25.

0131111, 0111111118131, 111111
1111, Τ.61.

011111111, 011111, 011111,
0111131111 18111113, Τ. 7, 31.
0111111011, 111111Τ11111111 111
0111 1111, 1. 11. 1111111111,
111. 1111 81111111 011111. 11 1111-
1111 1128, Τ.71.

0111311111, 01. 101311 11111111,
1 0111111111 1601, 1. 131.

0111101, Albo 1111, 11 01111101.

01111, 01111, Leno: Fru, 1128
1011111, 111111 oller 1101111),
Τ.71. 01111101111111111111-
11111, Τ. 71. 11111, 011111
011113111111 011. 1111, Τ. 71.

0111111, 1111111111111111111, 111
01113 11111111) 1661, 1. 132.

01111, 11111131 8131, 81111111
011111, 103.

0111111111, 11113111, 11111
1111 111111111113, 6, 8. suune
11111 10111 1 111 01111111,
1111 1111111 011, 11.

01111111 0111111111, 111111
1130, 1151, Τ, 18, 25.

0111111111, 011311110111111111,
111 01111111, 11111 11111111 011-
1111111111. 1177, Τ. 72. 0111,
111 11111101, Τ. 08, 70.

011111 0111111111, 01., 1111311
1113110111 1136, 1. 31.

13

 

