311) (113111111311111111, 1111111
3111111 Ι 8111111111), 31. 11111 01-
111111, 1320, 1.11. 1111111
11111 01111111, 1111111111 1377,
1. 25, 27.

1111111111 og 311111111111111111,
1111111111 11111111, 03111111181111-
1111, 1111111111 1111111111.

11111111 1111111111 33.

3111111123, 137. 1

11111ο10111111111150. 3111111111
31, 36, 16, 55-57, 60, 61, 82,
83. 3111111113116.

31111,1111111,1111111111 11111.
(11111, 11111111111111, 3111111111) 1

, Lund 1316, 1311, 6. 21, 26. 11,

31111311111111320, 1326, 111,
15. 1111111111, Bisp 10111111
1360, s. 20. 11111111, 31111 1311·
kilde 1376, 1377, 1111111111.
(31111113111111111111, 11311111.
31111 13111111, 11111111. 31111
1111111138,1.38. 811111οο111
1320, 1. 11. 1111111111, 11111111
1377, 1. 25, 27. 1111111111 1113
Τ. 8. 3111111111 1 3111111
11111111 1661 s. 130. 31. 111-
1111111 1311111111 11111 3111111111
3111111 1661 s. 131. 31. 111-
1111111 1811111111 1161 1135.
. 1111111111 pau 3111111111 1662

. 1150. 1111111111 1311111 1661

1. 136. 3111111111, 111111 111·
11111131523, 1. 6166. 31111111-
111111111 3111111111 1611111111 1661
1. 131. 31.(11111111111111 1111111111
11111111611 1 132. 3131111-
111111111 11111111, 1131111111.
31. 031111111111 11111111, 1111111111.
31. 111111111111 1 8111118, 11
3111111111. 31.(11111111111111 3.,
. 11 3111111. 31. (111111111111 W.
13111111116611131. 31111111·
11111111 1311311111, 11311. ’31.
011111111111 1 (1111111111, 11111111.
(111111111111101111111 1661 1. 137.
310111111111111111 11131111 1661
1. 132. 1111111111 1111111118 1661
1. 111. 3111111111, 11111111 1377,
1. 25. 31111111, Lagmandlstn·
111111 1181, 1117. 31111111
1111111111, 11 3111111111.. 31.

3111111111 11 1111111111 1377 1. 35,
26. 311111111111111111111, se
3111111111. 31. 3111111611 1513,
113111111111111. Erngislason,
11 111111 Bag 1 Laengden. Hr.
Esgeson 31811111111111 1113111·
1111661 1. 131. 3111111, 11
Lange. 31. 1111111111 3111 1 81111
1661 1. 130. 31. 3111111111 31.,
11 Brun. 31. 1111111111 3. 1

31111111111661 1. 130. Gregor-

1111 1811111 1661 11111. ,31.1111-
11111111 111 61111111 16611111.
31. 31111111 1111111111 l Tarde,
111111111111111111111661, 1. 133.
31111111 1 1111111 1661 1. 136.
31111111 131111111111111 1661 1. 112.
31. 3111111111, 11 (1111111111.
3131111111111 1320, 1.11. 31.
3111111111 111 (1111111111 og 81·
1111111661 1136. 313110111331,
1333, T. 3,1. 1111111111, 1111111-
1111111111111111111111662, 1. 150.
11111111 11 3111111111 13111111 1311
31111111 1133138. 11111111, 31111-
11111 1311111111, Τ. 21. 31.
11111111 1 111111, 113111111111.
11111111 17111111 1661 1. 110.

Iohannis 11 1111111111, armiger .

1377,1.25. 1111111111,1111111111111
canonicus 11 rector 1111111 11-
6111111111661, 1. 123. losep-
1111, 11111111 1377, 1. 25. 11111·
1111 1377, 11 Rosenkrands.
11111111, 3111111111 1 3111111111
1139, 319. 11111111 11311111·
11111, 1111111111. 1111111111 1311·
1111 11161 1138. 1111111111 1
11111111 1661 11133. 31111·
11111111 111 Andr) (3111111111,
1111111ο111 1 31111111 og 111111-
1111111661, 1. 117. 1111111111,
11111111 1360, 1. 21. 3111311011,
11111111,1111111111111. 317111111-
sen 311111111111111111111111 og

1111111111111111 1111 1111·

31. 3111111111 1 11111,” 11 0111.
31. 1111111111 G. 11111111 og
’1111111111 1611 1. 130. 1111111·
111111 111 8111111111 111 1111111
1661 1. 1311. 31. 1111111111 111
8111111111), 111111 111111111111

119

1661,1.130-131. 31111111111111
311111 13 3111111111 og Skjaerup,

1111111 1 31111111311111 1661, -

1. 133. 313111111111111 01111111,
11 1111111. 11. 1111111111 31111
1311111111, 111111 11111111111
311111 1661,1.135. 1111111111,
Borgemester 1 Christiania 1161,

1. 117. 1111111111, 113111111-
1111111. 31.111111111 111 1111111111
1131111111 1661 1132. 1111·
111111, 111111 1111111, 11.

31. 1111111111 1 1111111111, 11
31111111 1111111111 1 3111111111
1661 1. 110. 31. 1101111111 T.
11111111111111111111 16111 1135.
3ο111111 1 31111111111111 1661
1. 112. 31. 1111111111 11111111
1 11111111111111 1661 1, 132.
31111111111111 111 8111111111, 11
Tunge. 31111111111111 81111111
111111111111311111111111161 1. 135.
hortamen 1 8111111111 1661
1. 112. 1111111111 1311111111 1660,
1661, 1123, 138. 31. 1111111111
1 3111111111, 1111111111). 31.
11111111 11111111 11111113131111 ·
1661 1. 131. 31. 1111111111 111 11111·
1111111661 1133. 31. 1111111111.
111131111111111, 1111111. 311
1111111111 111 8111111111, 1111111111.
31111111 1311111 1661 1110.
1111111111 1111111111 1661 1. 112.
11111111 1 3111111111111 1661
1. 118. 31.0311111111)11111 1360
121. 011110111111111111111111, 10. ,
01111111, 31111111 1 3111111111
1113, T. 72. 1111111111, 11111111
1136, T. 18. 1111111111, Cantor
13111111111517, T. 13, 51, 52.
1111111111, 3111111 (11111111 11111-
111113111111111 1517, T. 52. 31.
11111111 1111111111 og 1111111,
111111131113111111661, 1130.
31. 1111111111 111 31111 og st.
11111111 1 3111111111 1661 1. 130.
31. 1111111111 111 11111111 1661
1. 130. 3111111111111, 11
Aggerup. 31. 1111111111 111 3111111
111 3111111111 1661 1. 131. 31.
1111111111 111 11111111 11111 111111
13811111 1661 1. 133. 31. 11-

 

