118

1113113111 30, 19.

1 88, 65. 1111111, 1111111111111

11111111,111111111,111.1111- 1 1111111]111111,0.1.11.1513,

111 Simonis, til 1111111111,
1111111111 1 11111111 1661, 1.
117. 111. 111111111111111, 111
0111 1111111111 1661, 1. 133.
Η1. 8111111111111,11111111111
1661, 1131.

1111111, 1111111, 111111111,
11111111 1111111 1661 1. 110.
111.011111111111 1111111111 1681
1. 133. 11111111, 111111 181-
11111111817, 1.19, 51. 1111111
1111131111 1861 1. 138. 1111117
1111111111 181111111111661 1.
111. 111. 111111 1138, 11
Ι(11111111. 111111 1 1111111
1661 1. 139. 111111111, 11111-
11111 101111111111 1661, 1. 117.
111111111, 1111111111 1 11111-

11111 1661, 1. 118. 111. 1111111 ·

Β. 01 81111111 og 1111111113

· 1161 1. 131. 11111111111 1111
1861 1. 136. 11111111 11. B. 1
flabro 1681 1. 111. 1111111111
811111111661 1. 138. 11111111
111131111113 1661 1. 110. Po·
111111 111111111111 1661 1. 111.
111. 11311111, 1111111.

11111, 1111111111, 1111111111111111
1676, 111111111111 1686, 111.,
0111111111111 1690, 1691, 1.
112, 130-131,131,193, 306,
311. 0111, 1111111, 11116111.

11ο111111, 111. 11111111111111111·
magle 1861, 1. 131.

1111111111, 1., 1 111111, 11
11111.

1111111111111189.

11111, 111. 11111, 0111111, 1111·
1111 1661, 1 131. 111. Hans
1111111,1110111111111 1861, ι.
131. 11111 1111311111, Oecono-
1111 111 01111111111111, 1111-
111111111111 1681, 1. 165.

11111, 111. 11111, 1181111, 1111111,
1310111.

11111111, 111. Jacob 1111111111,

’ 11 1111 1311111111, 1111.

11111, 1111111, 1661, 1. 118.

1111111111 111111, 1111. Lange),
lver, 8111111111 1513, 1513, 1.

1836, 1. 63, 66, 89. 0111, 11111-
111 1 11111 153111111111111111,
0. R. 11. 1559, 1. 80, 08. 11111,
111 1111131111, 1113. 11111
1508, 1. 103, 109.

11111 1811111), 11111111 1111111,
11 11111111 1360, 1. 11. 111.
111111111111, 1386111, Ρ1-’
111, 1311, 1111111 1360-1377,
1. 16, 17,11, 11-16.

11111 (1111111111), 111. 111111, 111
8111111111, Aulum og 111111
1861, 1. 131. 111. 1111111111111,
11111111111,111 1111111111) 1661,
1. 131. 1111111, 1118111111 1661,
1. 130. 111. 11111111, 1111311111,
111111111161, 111111 1 111111
11111111 1111111 1661, 1. 130.

11111111, 1 111111 1661, 1. 136,

137. ¹

1111, 111111, 8111 10111 1513,
1. 56. 1111111111, 1377, 1. 15.

11111111311111), 1111101111111111,
1811111 1661, 1. 110.

1111111111, 1111111111, 1111111111
111 11111111 1661, 1. 117.

111111, 01111, 1569, 1. 66.

11111111111111111111, 1681,1.
118.

1111111, 0111111111, 111 1111111111,
01111111111111, 111111111 111
111111 1688, s. 171-170. 1111-
111, 111111111111 1661, 1181
166. 1111111, 111111111111, 1111-

11111 111181111111 1111 1690, “

1. 183. 015111111111111. 111.
11111. 1661, 1. 113. 111111, 111
1111111, 111111111111, 1111-
11111 1111111111111 811111
10811180.

1111111111,111111111,1333,1.1.

' 11111, 11111111 11111, 1111111111

1111111, 1. 11.

1111111111, 11 8111111111, Mol·
tyke.

1111 78, 81, 315.

1111111111111111, 8111111111,
187.

1181111111 11 11111111111 111
1111111111181, 191-138; 111
81111111 111, 116, 161, 181,
168, 186, 187.

1111111111 50, 51, 81, 75, 76,
118, 151, 100105. 11111 8111
Τ. 0, 1. , 0111 1111111111 1. 50,
60. 1111111 1.11, 18, 13. 011-
11111111 (0111111111), 0111111-
111 og Lyhske Gylden 118.
1111111 0111111. 18, 51. 111111
11111 1. 18, 31, 38, 13,15,18,
50, 51, 61, 65; 111111 111111
og 111111111115, 11, 59, 801
1 8111111 1111111111111113-
11. 011111 1111111111 111111-
11111 11111111 1. 3. 1111111111
T. 60.

1111111, 11.11110111111111, 111
0111111111611111111116611.131.
111.]111111111, 111 111111 og
111111111111, 1138. 11111111
11111111, 1 81111111111 1861,
1137.

11111131111,1111118111, 11111
1111111, 170.

111111, 111111, 0111, 1111111111,
1.18,69.

11111111, 1118111181111111, 111
1111111111 1311111111 1861, 1. 135.

1111111111111111118111, 811·
1113111111, 186.

1111111136, 113, 111.

1111111, 11111, 1111111111 1660.
1661, 1. 113, 136, 161.

111111 nug, 111. 8111181111111,
1111111111 1111111, 1113111111-
111 og 111111 81111111 1138 138.

111113 013 1 1111111, 111.
8111111 (1111111111 1111111111·
1111) 1337 1. 31. 1111111111
1111111111 1111111111, 111-
11111181111111111111138, 138.

1111111111, 1111111111111111111
111 11111111, 01111111181111·
111 1661 1135.

11111111111111 115.

11111111111111111100.

11111, 1111111101111111111, 1

, Wesenberg 1861. 1. 133.Ι

 

