124

61. 11116111 61111116 111 111-
11111111661 1.130. 61. 111111
61161116 111 61111111 1111111116
1661 1.135. , 61. 111111 111-
111111111 111 0111111 11611111
1661 1.135. 61. 1111111111
6611, 116111111111. 611111-
1111326 1.15. 6111111161111-
1161), 6111111111111111, 1111616-
11111616, 1680, 1. 222, 226,
231, 231. 6111111111 1326 1. 15.
61611111 16111111 1151 T. 26,
21. 6111111111 1611611111, 11
11111611. 6111111111 1 6111-
61111661 1.111. 6111111111 1
611111 1661 1.110.

611111 80, 61.

61116111111111192.

6111, 61. 11161 611111 G„ 111
611116111616611611661, 1.131.
61. 61111 61611111, 111 111111,
6111611111 og 61161 1661, 1.136.

61111611111116111111111 182. Ξ

From, 616161111111, 111 61161-
magle 11611111111 1661, 1.131.
6111111111111 11 0611116161
263, 261, 261, 268. 11 61111-
1111111111. 293, 298, 299.
611111116111,61161111111298.
611111111, 11 6116116111.
6111111111111111 1111111111
1111611111111 og 61, som 1111
11111111611111111111, 11111 11
praesentem), 61111111111611111-

11111, 9, 12, 21, 68, 71, 12,
’1.8, 10. ’

611111111161258, 259. 111111
611616, 9, 12, 21.

611111 123, 136.

Pudor, 1111 og 6611111111, vaeh-
11111311, 1. 25. 1111, 1116111
1311, 125, 21. “

6111616111, 6111111161, 616111-
111 611116, T. 21.

Pake, Rugvald, 1116111 1138,
1. 38.

1111111, 1111111111, 6111111111
6116 1118, 1.15.

0111111111, 1116611161111, 65.

111111 6111 1116111 (1111111 111111,
61611116, Τ. 59.

1111116111, 61. 21611 6111111111,
1 1161111 1661, 1.136.

111111, 61. 111111 61111111, 111
1111111 1661, 1.130. 61111611
61111111, 111 1111111 111 111116
1661, 1.135.

11111111,61111,1661,1.128. 611-
1111, 1660, 1661, 1.122, 128.

6116,6161,11111161111, 1161166.

6111111111 611111, 111611 1661,
1.136.

6111111, 611111, 111 1111111611,
6. 6. 6. 1596, 1. 103,109.

6111, 9, 23.

61116 1611111 11111 611111 pag. 130
1111111, 61. Thomas 6111111111,
111 11111111 og 6111111111 1661,
1.110.

1111611135, 128, 139.

61161111, 61. 6111116 11111111,
111 61111161 1111111111, 611111
1 6111111611116 1661, 1.128.

6111111111115,98,106,115.

611111, 611161, 111611111161111,
11. 6. R. 1506, 1. 103,109. 6111·
61111, 6111111111 6116 1118, 1.15.

’ (1611161101111, 61161116111661,

1.126. 6111111611, 1531, T. 65.
611111, 1661, 1.128. 0161111,
6111111116 111 616111111611,
T. 61. 61. 6111111, 66. 6. 1660,
1661,1.122,128. 6111111, 61161-
1611111661, 1. 129. 61. 111111,
1511, Τ. 56. 1111, T. 10. 0111,
1168, T. 13, 10. 0111, 1661,
1.129. Petrus, 1.·11. 61111111
1116111111161, miles 1331, 61.

611111161111, 611111 6111111,
6111111116161111, 6111111611116,
103.

611111, Thomas, 12130, 1111 11111
61116.

6111111, 61111111, 16616 11
6111611111, 110111. 11611111,
6111111116 1 611111 1661, 1.117.
61611111111111 111 01111111 og
611111661 1.136. 6661111111
161111161661 1.131. 61611111·
111 611111161111116111111 1661
1.132. 61. 111111 111 611111-
1116 1661 1.133. 61. 11611111

6111111111 111 61116111 1661
1.131. 6111111111 16 11661,
’ 1111611116,1661,1.131. 61.
6111111 16 6111111 og Kastblerg
1661 1.135. 61. 11111111 111
11111111 1661 1.136. 61. 01111
6116116111 111 0111111111 1661

1.130. 61611111 1111611161111 ’

1661 1.138. 61. 6111111111 6.
1 11116111 611116 1661 1.182.
61. 6111111111 1 11111111, 11
1111. 61111111 16111111111661
1. 131. 616111111111 16111·
tinge, se 1111. 61. 6111111111
61111161 1661 1.136.

6111116111, 61. 1161111 11111-
161,11.6.6. 15131523, 15655.

6111111111,111111111, 1, 7, 8.

6111111161 111111 1111116111)
T. 1.

6111, corvinus, (61111111111,
16611 1661, 1.136. 61. 6111
1161111111, 1111111111 1111111111
1661, 1.131.

611 1111616111 6111111, 11611
611111 6111111616, 13, 93, 101,
116. 6111611116111111, 11611
611111 6111111616, 81.

61111,111111, 1661, 1.128. 61.
61161161, 111 1111111111, 11. 6. 6.
1618, 1120121. 111111, 1660,
1661, 1.122,128. 61111111, 111
1111111111), 61111111, presidenti
Kancellicollegio 111. 16601661,
1.122,128, 153, 160, 161, 175,
116.

6111611, 61111111, 6111161116-
11116, 6111111111εᾶ sagn, 61111
611116, T. 10. ”

611111111111111 61, 11, 81, 82,
Τ.61-61.

6111, 6111111111111116111, 611-
11111 611116, 120.

611111111111, 52, 118..
611111111111111111111111291.

6111111111111111111 218, 280,
285, 315.

611111111111, 6111111111111111,
311, 316.

6111111111111111111, 61111
6111111, 178, 221, 221.

 

