263. 61111111111111111111111111,
1631, 1. 115. 111. 1111111111, 111

1323-1336, 1. 56, 65, 80, 69.
1111111, 1361, 1.129.

1111111111,1,1.·11111,111- 11111111111, 11111 og 11111,

11111111 1 11111111 status, 1660,

61111111 6111, 159.

13311122,128,137-139,131. 611111111111111,116111111111-

61111111, 111. 11111111 1111111,
1128, 1138, 1. 38, ’1.11.

61111111, 11111, 111. 1111 1111311-
13111111 1339, Τ. 1.

6111111, 1111111, 11111111111011·
herred) 1661, 1. 139.

6111111111, Andros, 1 611111
1111, 1111. ’

611111311113.

61116111, 6111111111111 6111,
111111111111111111 1111111, 260.

61111111, 11111111, 6, 9, 10, 12,
19, 23,11, 33, 36, 12, 81, 93,
101, 113.

6111111, 11 1111111111.

6111111, 6111111111 111, 1111111111

, 1361, 1139.

61111. 111. 111111 8111111131, 111
6111111 1331, 1. 111.

61111, 111. 1311311111 111 6111111-
stabit, 61131111111811111, 1332,

1119. 1111311111311111111111111-
111311, 1111111111611111, 1332,
1119. 1111111111111111131111111,
6111111111 161131111111 611111,

1662, 1. 119. 11111111111, 13111
1111111111 1632, 1. 119.

616111, 13111111, 1111111111 111
111111116111111111 1331, 1. 132.

6161111111, 1116111111311111111-
111, 111 11111 11111111 1331,
1. 133. 111. 1111 6111111111, 1
1111, 111111111111111111111 1331,
1. 131.

6111, 6311, 11111111 1111111131

111 1111111111, 1111111 11111111 1391,
, 111111 111 1111111 og 0111 111111-
131111, der 1111 11111111 efter
11111111 111111111111111 11111111
16111111111111, 1317, 1. 25,21.
111. 61111, 0. 11. 11. 1183, 113.
1111111,1111111111111111 1361,1. 126.
1111111111111611631, 111, 61111-
111111111111111 11111111-1111111
1690, 1. 129, 309. 111. 1111111,
0. 11. 11. 1513, 0.11. 6111111111

111111.

6111111111, 1111111111 og 1111111,

61111111, 1282, 1. 1.

6111), 61111, 11111111 11111111· .

111, 11111111, 1311, 1. 23, 21.
1111111111, 11111111,111)1111,111)-

, 111, 1360, 1. 21. 111111. 1111111

1311, 1. 23, 21,

6111111, 6111111116111, 61111111
11111111, 103,

61111, 2111111111111111111111111-
1111, 61611111111, 1111111131-
111111 1691, 1. 233. 111. 611111
63111111, 1 116111111111 1331,
1130.

6111111111 203. 1111111111 1,
202, 206, 201, 226. ‚

Gnowel, 11111 1111111111, ,111111111
111111111111111 1112, 123.

6111111, 61111111, 111. 1111111·
111, 11111111. 1111111111111111,
1136,Τ.161111111111111111. 111111-
1111, 11111111 1311, s. 25, 21.

6111, 111111111211111111, 111
011111 11161111111331, 1133.

611111, 111. 11111111 1111111111, 1
1111111111 1361, 1130.

6111111111,111.1111111, 111 61111111
1331, 1130.

6111, 111. 611111, 111111 11111111-
lev 1113, T. 21.

61111111, 11. 111111 1111111111,
111111111111, 2111111111111111113
1331, 1133.

61111111, 111. 11111111 111 613111

⁸ 11611111113311132.

61111111, 11 6111111.

6111111 212, Τ. 1, 31, 11.

6111111111 61111, 11111111111111-
1111112.

61111 611111, 61111 og Herred,
Τ. 68, 69, 71.

611111, 111. 111111, 11111111 1361,
1111.

6111111, Gregorius, 111. 61111-
11111111 6. 111 11111, 11611111-
1111. 111, 0111311111111111 1331,

101

1135. 111. 11111111 1111111 111
1111111111 og Saeding 1331, 1. 133.
1111111111,11111111111111111111161,
1136, Τ. 35, 39. 111. 1111111111
111111111111111111661 1. 131. 111.
2111111111 111611111311 1331 1133.
111. 11111111 111 6111111111 og
1111111111 1331 1. 133. 111. 1111-
1111111111611161111111331 1132.
6111, 1111111111111111138, 138.
6111111110.
61111 1113 Τ. 7. 1111. 1111111111.
611111111111, 211116111111111111,
173, 119, 181, 181, 220-222.

’ 611111, Andreas 1111111, 1111111111

Tostorp) 1316, 1311, 1. 21, 25.

6111111 13118111111111, 211111 111
6111111 111 11111111, 3111111111
611111, 1332, 1. 119.

6111161111,1111111331,1.133.

111111,1111111, 111111 1111,
1139.

Grave, 111. 1111111111, 111111-
11131111. og 1131111111 1631,
1130.

61111111, 61111111, 1111111111,
1331, 1. 129. 6111, 1631, 1126.
Jacob, 1323, 11111111 1339, 1. 13,
Τ. 1. 1111111331, 1. 129. 1111,
1333, Τ.1, 111111111,111111111 1330,
121. Petrus, 1326113. Pe-
1111, 11111111 1313, 1311, s. 21
-23,

61111, 111. 11111 11111111, 111
11111111111111111111 1631, 1131.
111211111111111, 111 11111 1361,
1133.

61113111111269.

6111(111111131111161611111-
1111111, 11111111 sagn, 11111111
11111111, Τ. 19,11, 12.

6111111111, 11111111111111, T. 31.

61111111, 111. 11111111 11111111, 1
1111111311 1631, 1. 116.

6111111111111212.

6111111, 111. 111111 2111111111, 1
1111 1331, 1. 133. “
61311, 111. 6111 1111111111, 111
11111111 og 011, 211111 1111111111

11111111 1331, 11133.

6131111111, 111. 111111 1111111, 111

1313111111 og 1111111 1331, 1. 133.

 

