Regium 0310300101110 1679
-1860, 10101000 111 01111101,
14. ,

111131οω001οτ, 01111- 03111111.-,

, 196.

303011011001 1. 0011. 11011,
,1. 93. 36. δ

1103011001110100, 8. 0000001.
10111010.

110101100,Ρτ1011,11 99. 46.

1101030010, 1013, 110011, 1. 98.

1100011013, 001 aye, 11. 91.

110010100001-11010001101, 1.
39. 79.

8000001011001-00101, m. 10.,
1. 60.

11000, Τ. 0., Ῑ. 69.

1100001100, 0. Ι), 01010, Π.19.

801001100110 1001101, 11. 93.

1111001000, 11001, 11., L 40.

Bibe, 11. 10. 11011 80110110, Π.
17. .

810101100,110101,1. 80. 110111,
1 80. ·

1100011010, 8101111100, 1· 76.
Π. 6. 41. 68.

metz, 81100001 8101011.,1. 76.

1113001 110001 Breve, Ῑ. 18. 30.
1011. “

Rigor 03 110000, Ῑ. 39.

11103010, (110130111. 41.

111030100,11003031010 001, Π.
9. 99.

1110001, Nonne, 1. 69.

11110011 1810110311. 19.

11001101, 1011, 0103. 010. 01010,
11. 6.

1100110110, 11110 11111011, 11. 44. ’

1100111100 1100111110, 1. 11.
100303101011. 39.
8010100111ορ 1 810000, 11. 48.
110100,11110110, 1. 63. 67.
1100000013, 011100. 8010111. 68.
1101000011, 1100101, 1. 40.
110100110οᾱ0, 8100111001,Π.49.
10100110001, 11. 0111, 1. 97.
69. Η. R, 11. 99. 48 1101,1.
97. 0110 11101000, 11. 6.
Βο100110011,11., 1 61.
1101001101, 11. 19.
8010011030, 110Ιο0100, 1. 97,
34. 11 63.

116111100110010110.

1101001110, 11., 8110010110, 11. 6.

1101101,11 18.

1111011001, Baton, 11. 69.

1100011000 p. 0011000161, 11. 18.

80111110 8100301011 8031, 11.
60.

1160101, 010, Π. 34. 47.

11610001, H.1‹*.,L 76. 80. 11. 10.
99. 34. 46. 68.

8011011111, 1110111, 11. 86. 0010-
1101, 11. 86.

80111, 10111111, 1. 69. 11. 99.

8011, 01100161, 1. 91.

801110101, 11. 44. 46.

8001060, 1. 66.

1111,101,(0110130),11.1111. ’

8010, 11030101 00 Codex, 11³1.
1011. ,
8011011103, 11. A, Prot, 11. 99.

34.
80100011013, 100111, 1. 69.
8011001, 1030110011, 1. 68. 63.
80. 00001011001, 1. 74. 11. 1.,
Grave, 11. 41. 49. 43.
80111010, Ρ101, 1. 80. 11. 1099.
34. 63. 68.
801110001οτ, Ρ. 0., 11011101, 11.
17.
80136010, 01, 8100101,, 1199.
80110301, 0000.,1. 69.
80113101, 1101, Ι. 33. 81. 89.
1193. 94.
Schmidt, 1010, 0000. theol,
1110.
80101100, 000, Ι. 74.
811100, 11101111.,Ρ101, 11. 99.
1101101100, 11. 99. Ι
80101001013, 000.,1. 74.
80110110, 10001, 1. 68. 80. 11. 10.
8010011110011, 10011111, 11. 11.
80113111, 8., 11001161, 11. 99. 84.
4163.
80111110, 10130101, 1. 40.
801601110000, 11. 33.
8001101, 8110000101, 1. 30. 86.
49. 64. 79. 76. 11. 8. 19. 96.
31. 43. 66. 61. 69.
80101100, 0111,1 40.
80100110, 0000, 1. 76. 77. 11, 63.
8010101, 0011111110, 1 34.

00

8011101101 101· 0001011111 111110-
11110110, Π. 63.

800110001601110, 11. 69.

81300101, 01101. fra 0011. 11011,
198.

8130101100, 1,.410111101, 1 10.
39. 6111. 99. 34. 68.

8100101, 1100011, 11. 43.

fij 611001, 110101100,11 94.

8110001110 0011013100, 11. 11.
1100000301, Ῑ. 83. 1010016301,
11. 94. 11011030010011100010-
1100,11. 66-07.

810110, 00111101111011, Π. 37.
49. 61.

’ 8110300, 1. 69.

811001, 01111100, 1411100010,
169. 0110, 11. 39. 10.,11-
1011, 1. 81.

8116001031103011111101, 1. 97.
98. 39. 40. 11. 6.

8110030010, 11001, 11. 17.

8111110, 1110111, 1. 66.

810030100,11. 10. 40. 44.

8101113110 Historia, 11. 11. 68.
11101110ήο0, 110. 69. 63. 64.
67. 73. 74. 11. 6. 7. 10. 16. 91.

’ 93. 38. 44. 69. 67. 10003100110,

1. 46. 68.
8101113301031 -00011011110-
000, 1. 39.

8001111100, Β, 81131000, 1. 13.

94. 30. 36.

· 80000011010-00001,Μο3,Π

69.

800110 11000113, 110110310οο, 1.
69.

Sophia 1113001000, Ῑ. 66. 67.

801δο 11101101, 1. 98. 110030310νο,
11. 39.

80010101001011-111110110, 1.
46.

8000100, 0001001100 01. 000111.
1669, Ι. 19.

800100, 00011, 1. 79.

8101101, 1101001, Ι. 16.

81011100001, 1. 31. 1101000101,
1111.

81011010, 11. 39. ,

810001, 800110, Π. 46.

8100011100, 0., Prot, 11. 11.
11001,1. 6880. -.

 

