233

66 811166116116161161161, 6616 161 66 16161111111116161661, 66 161 16161161161
6661616 16116 Η6661 66 86111, 6661 611 66 Sag j 666 Mando 666 (1661 61 616161, 6616-
lig 1661 1611111116, 66 vj 161 111616 0116111111 616 6616616 861 16611616 66616611161, 111
1111161166 11616 66 6616116166166 1166 6116 1616 Β16116, 6661 16106116116 61116616, 611611
106666111-Ρ1616661166 6161 16111116, 6111611611611 16 616, 1111116 1661 Ρ6166661616 116166,
som Β1611666 661661, 666 61 16161 61111 1661 1616611616, 661 111161 1 06116116 61 161166,
61116166611616116116161661, 1661111111 6116116161 66 611616661. 8. Η161116166611166161
6166 6116166611161616616161161166, 161 6161 6161 16116 Ζ1166161 1616611116 66111111
161161661661616116161 (1666611116116116166 1161166. 9’. Voris (1666611186111616161111
161161161 (1666611161 1161161111 1616116616 Skab, 11161111 16116 1166661161, 11166066-
661161 66 16 116616 111Ε111161111666166 Forordnede skal 116116 11161 616 111161, 666 161
16111116 6661 6616116116116661 6161 6611611116 66611 161 16116 11116616 1161116 8161616161
6611616166 1611661 61 1616 1611661116 , mens til det 61616 86111 1161161161 16116 1166661161
6116666 11111166, 16161 161 66 1 066661116116116116. 10. 06666111-816161616166 1111611
6111111611611116, 6661611661106666111-866161616166161111111, Γ11661611 66 Γ166661161
116166611116 1 06666111-(16116116 666 1616661 1611661 11116616 1161 66 611616, naar (161
(1666661 besalis, 616111616166111111161661111616 j 61 6666111116 66 61166116,11116 (lennem
61 16116 1166661161, Vico (1666611616116161 de til Expeditionerne Α6611661611111161111-
6116161611Ρ666611 61 616116 161161116, 111 1111161611 11616 16616111111166111611616111161,
om Sommeren 116 6161 1111611, om 116161661166116 1111611, 661161111616111161, om
86666166116161111661, 66116161661161611111610666611161161611161616. 11. Can· λ
6611116116116166, 6661 61611616 116616, 1161161 om Morgenen betimeligen 61 661166,

0666611161 66 161 11166 616 11116666 1 16116 666611161111116111116616; 66 616116 116116
(16666111161161161116 6116 16 1666661 611 (1666611161 16116666616 86161 1616 lige 1616
616 6116116116,1)6616 med 16 111 (1666611161 1661116616 Β16116 661616616161166161 66
6611661 61 1616 1611611116 66 111 Β616 11116, 666 61 6111111611611661111116166 1166 1661
116616, 6661 6611661111 16161161161,161161111111 66161116661611 1611116161166, 666
66 66106666116166, 11611616166 66 Audet 61116116 1 161 811611 6601166, 16116Β16116 ,
61161616666111116 661611611116 66 111161611666661661661161116 6661116116 6606666111·
1611111161 61 6116116616 661611611111111116111116161166161661666161116116 16116Η66161
6111116, 666 6116161 61 1661 Ε666 1661 Auden 66111166116161161161161161, 6111616616
16 116116 61611616 11111116 161111 6161616, 66 66116161 16116116166616116116161161661,
161161 61 616616 111116116. 12. 0666611116116116166 6161 6116 Βὸ161,·Α616, Documenter
66 Β16116 611 (1666611161 under god 66 616161 116666 66 1111616166 1611616 66 11661616,
666 1616116161161116116 1 66166 Μ6616. 16166 6161 611 6611616166 66116 til 0666611161
16616166161166111666161111616 1661 611 611616, 111661 16 61 Ο6666111116116116166 opteg-

6616 616, 61 1161161 16 6661166 61161116611616 1 16116616161166 611 11616116, 1166 161
11 1. 11. (1666). · 16

 

