104

11111111 1311111111) 1661 1. 138.
1111111111 1 11116111 1661 1.
139. 1116111111] 111111111111,
11 11111111.. 111. 11111111 1 11661-
11111, 1111111111. 111. 11111111
1 01111111, 11 11161111. 111.
1111111 11111111 1111 1111.
111. 11111111 3111111 111 111111,
1111111611 111116 1661 1133.
111. 11111111 1 11111111111111111-
111, 11 1111161. 11111111 1 Rud-
11111111 1661 1. 111. 11111111
1111111111611661 1. 111. 11111-
111, 11111111111111111, 1111·
1111111116 1111111 1691, 1. 133.
01111 1 11111111 1661 1112.
111. 0111111 slang. 1111111111 og
3111111116 1661 s. 130. 111.
‘ 011111111111116 11111111111111
1661 1. 132. 111. 0111111 1
3111111111111661 1. 132. 0111·
111 1111111111 1661 1. 110. 111.
91111111 111 1111111 1118111111
1661 1130. 111. 11611111 111
8111, 1111111 1111116, 1661, 1.
130. 111. 11611111 111 3111-
muge, 81111111111111116, 1661,
1. 130. 111. 11111111 11111111-
1111111,111, 1661, 1. 132. Peder-
111111111111661 1. 112. 11111-
111111 111111161111111111111 1161
1. 130. 111. 11111111 1111111111,
11 (11111. 11111111 1 31111111
1661 1. 138. 11111111111111 1
vlg 1661 1. 130. 111. 11111111-

’ 111 1511111111111161661 1. 132.

11111111111111 8111161111 1111-
1111111111111 1661 1. 136. 1111-
1111111111116111111116611138.
1111111161 1111111161 1661 1.
138. 111. 8111111111 111 Nor·
drup 111111111311 16611131.
111. 8111111111 1111111 1111111-
111111 1861 1. 131. 81111111
111611111111111111 1660, 1661
1123, 137. 81111111 1111-
1111 16601. 113. ’1111111111 1
1111111111, 11 8161111. ’111111111
1 1111111 1661 1. 136. 1111111·
111111 111 11111111 og 111111·
magle 1661 1. 180. 1111111-
111111 111 1111111111, 1101111111.

1111111 1 31111111611111 1661
1. 111. ·

11111111117 T. 61.

111111111111111 35, 68; 1111.
1111111111, 11111 111.

1111111811111111, 11111111 1138,
1. 38.

1111111, 111. 11111, (1111111111,
011111111111111111 1686-1691,
1. 266, 210, 200, 202, 213, 301.
111. 1111 1111111 (1111111111-
11111111 111 11111111 og 1111111111
1661 1131.

1111111111, 111111, 111 1111111111,
0. R. 1111111111 1531191

1111, 1111111111,1.1.1.’1111, ’

1101109.

1111111, 111. 161111, 111 11111111

¹ 1111111111 1661, 1. 130.

111111611111, 8111118111, 1111111
11111111, 103.

111111111611111, 1111111118111,
61111 1111111111 1111111, 05.

1111111111, 11111111, 111111,
1661, 1119.

111111111111111111, 01113111,
1116111111 1111116, T. 11.

11111, 111. 11111 1111111111, D. 11.
11. 1183, 116. 1111111111, 1111111
1360, 1. 21. 111111, 11111111
1317, 121.

1111111111111, ’1111111 Sogn,
11111111 1111116, 211, 253.

1111111111, 111111 Sogn, 111-
11111, T. 69.

1111111111 11.

1111111111111116111111111111,
11 1111111111.

1111, 1111111111, 3111) 1 11111 1320,
1326, 1. 11, 15. 1111111111, 1111-
111 1320, 1. 11.

1111111, 111.]111111111111, 111
1111111, 1111111111 1661, 1.
116.

11111111111111111111111111
Grarup Sogne, 11161111111111-
116, T. ³, 1, 11, 15, 111-2121.

1111111111, 111. 111111 11111111,
01 11111111 og Vind 1661, 1.
131. 111. 1111 11111111, 111 811-
1111111, 11111111 og 31111116
1661, 1. 135. 1111, 1111111111,

0111111116, 1661, 1. 139. 111.
11611 1111111111, 1 81111111, 11
1111111.

1111111111, 111111, 1 1111161111
11. 1661, 1 111.

’1111111 111111111111111,
111111 Sogn, 11111111 1111116, T.
7, 8, 38, 39, 69.

11111111, Ἰ111. 111111 1111111111, 111
1111111111 113111111661, 1. 131.

1111111111. 1111111 0.,111 311111
(111111011111 1661, 1. 111.

1116111111, 111. 1111111, 1111-
6111111, T. 65, 68.

111111, 11111111) 1111111, 11111-
111111.

11111, 11111111111111111, theol.

⁴ lector 1 1111111111 1860, 1. 121.

111111 1111111111, 1111611116 1
1116111111 1111, T. 20, 22.

111111, 1111111111, 1 1111161111 11.
T. 16611661, 1113, 111.

11111111, 11 1111111111.

1111111, 1111111.

111111 11111111, 11111111 11111-
1111, 31111111111811111, 1661,
1119.

111111111111, 13111) 131111111311,
’1.6.

11111111 1111111111.

Hellved 11111111 1111111111, 111-
6111111 1111111, T. 11.

1111111111, 1111, 1111611 1611, 1.
131. 11111111,131111 1661, 1.
113.

’ 11111111, 111. 0111111111 11111111,

111 1111111 og 11111 1661, 1.
136.
11111111111 12, 18.
1111111161 113, 131, 323.
1111111161, 111. -11111111111, 111
016111 og 1111111161, 1111111
1111111111111 1661, 1. 131.
1111161111, 111111111111111111,

, 111 St. 11111111 1811161111 og

111161 1161, 1. 132.

1111111111, 11111111011111111-
111, 1111111111111118111111111
1661, 1130.

1111111, 1111111111 11, 1 11111111
1661, 1130.

11111111111. 111. 1111611111·

 

