168

(1010, 101 1010 013 med Indkometer eller 00100 [00100001 Ρο1111010 1011011103, 1
801101011011001101101 1100101101 001 ’1100110100 01001 det 10010 Rige kunde 101101
801010001101 till uaffn 001101101 10110101 till Formerelune 1001 1001100110, 101 001111
1001001 011101 1111113Βο1110101100 med 1110 Fundamenter 001 Ometendigheder 1111
1011010001111000101100 underd: 0110010 001 1111110010 31100. 6. De 01110101101, 0010 ·
011010103101101, 000 vit 101010101101010010101103101103, 8001010101101 001 Arffue
1001310100001110101, 000 10110001 00110, vj 101011013111001101 101101, 001011 1001
1010 0131010 003010300, 0110 1001 1111111113 0100110011 11111101 101101 001 01101-
kommet. 1. Μο1 1010 11001-00101010001101, ’1011010 00100110 civil Betiente udj 1011
Rige Norge 001011 101101 8111101101 110100 101000010 001 1000001100, 000 01 001001
0111101010,’0001101013111, till venien Τ1000010 101101101. 8. 01001 11101101Βο13-
10101010010111001001101000101100000110000 000 1101101 Vegne, 001 1001 0010 11001
komme till 11101Βο10111ἰο3 001110000110100, 1001 0111010 1111 0110101010, 000001
10110001, 0001 1111003011 ny Βο1310101101 001030100 kunde 31100 0030010101103, udj 0110
1100101 1010 1011010113 001 001010 101310101010101 Tilletund 1111113 0110010. 1111101
001011 001 01111 1011110 013 000 301 1100100101 10100 8001113101 (11001101 01101110 001
010011010, 01010100300 011101100111310101 001 01101 101101 10101 kunde 010011οο110,
001 0001 1001 00301 01131 0110101, 101 001 10 0100101010010100 001011001301 tin
kiendegiffne, 1001010 1001 001000 0101 101101 (1000101 01001 1111111100 udj 11011 Rige
Norge 0010110110110113 001 301 correspondente och hannem 01100010011111130011-
ficere. 10. Huieu 0001 101101 Μ111101110101 000111 100101030100 udj Norge med 101101
1010110011οἀ udj 11010111101001003001101, derudj 001011 101101 8101101101 8100010100
01 1111111100 011101 1100130103 udj 10010 Μο0101 1010 1011010113, 000 1010001010 Mintur
10101 0011001010301 1010001113οη kunde 1011101 101 lige 001 udj 301801101, till

10110100110101]Ι 001000 1001 1011011130ῑο ville 31110 00 11001010110103 001 110310-
10001, 1001010101111111100 udj Fredeztid 0010111010, 000 1011 00010011001 11111001-
0103010101 10101100101 0030101113 1001101110101, 001 1001110 000100 11111011 001011
103101, 000 1011011018101101101· 000 00110010 (1011010100 001 General commissarius sig
10101 10110 10101101 1100110110 0110110. ll. Menez 0001 (101 Gud forbiude) 00301

1001113 0010110 0101001010 001 summe ordinarie Middeler 1010 kunde 1110110010, 10
u 001011101101 810110110110010110 0101130 1111101, 0001 1111 Veye bringisz kand (1111010ιο
110110 1001101101 00000101, 1100011100 001 10010 vj 0110101 1011111 001010οτ0 kunde,
001011 11111300 consultore), 101101 (1000101 001 Μ1111100 10 300010, 000 1011 0010 enhuer
(100101οη1001 001 10010103 10 000010 000001010, 000 101 1010 011001010 011 801010 001
1011011 01νο01101, menen 0010010011100100 000011 1001131 1111001 1111110101 kunde.
12. Pendet 001001101101 8101101101 10101 0010110 80301, 0001 udj 1011 1113010130
00000101, 10010 1111113010 001 udj 10101100 8001010000 10101 0110010, 10 ville vj till
¹ 1001Βο101 0001011 0001 auden 111οδ100 Β103 00 8001010110 00011301 10011110, 0001

 

