128

81311111 viuomsdatter 69.

8133111111, 61111111 van, Τ. 69.

813116111111111,1113111111111111
116113111111118111111662,1.119.
111. 1111111 111 81111111111111,
11131111111811111, 1662, 1. 119.
1111111, 8111111111 11811311-
111118111111662, 1. 119. 1611-
111,1ο 611111 11111111111111 811-
111 1662, 1. 119. 111. 0111111
117. 111 8111111111 71111 611111,
11111111111111, 1662, 1119.

811111111111197, 105, 113.

81111111, 1111111111 8131, 71111111
1111111, 7. 66.

silkeborg · 1111111311 1111111111,
11 111111 61111.

Simon, 811111 Anderson i 1101-
1113 1661 s. 139. 1118111111
1111111113 1111111 1661 1133.
1111111 1 711111 1661 1. 110.
111. 8111111 1 8111111711 1661

1. 130.

’ sjaeland. 35, 36, 58, 61, 7,6,’19,

80, 82, 81, 151. 8111111111-
111111, 11 flans 81111. 81111·
11111113111111, 11 111. 0111
11111111. 8111111111 111111111-
·113111111 12.

8111131111, 81111111111,
1111111111 Τ. 7, 8, 16-32, 31,
38-13,15-18, 58, 59, 68-72.

811111 12, 21-26, 35, 3616,
58, 61, 76, 79, 82, 81.

8111111113, 8111113, 111. 111-
111111,1320,1111111326,1.11,15.

. 81111, 111111 61111161, Bisp 1

11111111 1513, 1526, 1. 56, 65.
00101111. 1661,1.128, 161.
0111, 1661, 1. 115.

811311 123110.

8111311, Η1. 1111111111 21111111,
1118111111 1131113111 1661, 1. 135.

8111111111, 8111111, 1661, 1. 115.

’ 8111111111310. 8113111111
1111111111, 111113111111181111111.

811111, 111. 0111 13 111. 21111
111111111111, 111111, 16111155,
1. 31.

8111111115,8,12,11. ·

81111 8111111 13 8111111111 35,
67, 68.

8111111111, 1111111 1111111, 103.

81111111113, 111. 11111111, 1311,
1.16,17.

8111, 1111111113, 13 71131 1111
11 1111113311, 6, 8, 10, 11, 13,
11, 22, 23, 11, 50, 61, 75, 119.
811111113 1111 11 1111113311
11111117111111 1111 1 11131111
med 1113111 111111 111111, 81, 96,
97, 101, 113. 1111111111 skal
ikke paalaegges 11111111 7111111,
85, 97, 105, 113. 8111111111111
11111 1660 1. 251, 256, 257,
111-111, 111. 1111111111 111-
11111111 155.

811111111111, 11 11111111111111-
glum.

81111111111, 11131111 11111. 11111-
111111111111, 151-157, 191, 201.
81 Hannibal 8111111111.

81111 1111111 T. 25,12.

81111118. 11311111 117.

81111, 1111111, 16601661, 1. 122,
128. 61111111, 1711311111, 1660,
1661, 1. 122, 123. 6111111111, 01-
111111, 1661, 1. 129. 1111111,
11811111111111101, 7. 5. 111311,
1660, 1661, 1. 122, 128. 111.
1113111, 81111111131111111171-
11113, 16901310. 0111, 61111-
1111111, 1660, 1661, 1. 122, 128.
0111, 0111111, 1660, 1661, 111
81111111, 1111111111 1111 1111111111
13 1161111111 1111111 1690, 1. 122,
129, 283.

81111111138.

81111131 T. 78.

81111111111111 188, 208.

811111111111261, 267,·268.

8111111, 8111118131, 1111111111
1111111, 65.

8111111, 8111111111 11111. 7111111),
111111, 1661, 1118. 1111111,

D. R. R. 1523, 1. 66. 11111111.

1661, 1. 123. 11011111,1661,1.128.
Otto, 1110, Τ.25.

8111111111, 1111311111 1111111,
25, 27.

81111 110. 8111111111 1111111111,
11 1111111 11111111.

81111, 81111111, 8111111111,
111. 111111111111111, 1 1111111113

1111111 1661, 1. 131. 21111111·
111111, 1711111111111661, 1. 118.

811111111196, 103, 112.

8111111111,1111111, 61111 81111113

· 1110-1119, 7.7*10, 13.

8111111 111 6111111111 18.

81111111 711113111111111
256·-268, 280, 281.

8111111111251, 255.

81111113,761111111113, 5173,
81, 97, 101, 113, 256-258, 271,
111. , ·

811111111111111111111168.

8111111111 260.

8111111, 1111111, 6111111111, 111
1111111111, 1711 1128, 7. 70, 71.
111. 11111, 1111111111, 1111. 11. 1559,
1. 95. 7111111111, 1661, 1. 128.

811111-1611111317.71.

81111111, 7131, 1128,71111111111
1 1111111111 1139, 7.19,71.

81111111 1 111111111111111311 13
1111111111111111111111111111179,
180, 221, 225, 231; 1111111-
11111111111 11 8111111111 130111-
1113111111111111, 201.

811111, Η1. 1113111111 111 606-
dalir, 81131111111 811111, 1662,
1. 119. 81711111111111116111-
1111111111,7111311111811111,1111-
1111111111, 1862, 1. 119.

81111111158,72. 11181111271.

811111, 811611, 81311111111,
71111111, Η1. 111111 11111111,
1118111111 13 71111113, 211111 l

Ι 1111111111111111661, 1. 131. Η1.

611111 11111111, 111 81611111,
81111 13 711111 1661, 1. 131. 111.
611111111111111, 111 71111111 13
Reum 1661, 1. 131. 1111111, 111111-
mandi 1111111111 1123, T. 17.
111. 11111111111111, 111 11111111
1661, 1131. nummulum·
11113 13 83111, 211111 1 711111·
1111111111 1660, 1661, 1. 122,
133. 111111101111111, 1117113-
1111 1661, 1. 131. 111.]111
011111, 111 11111111 1311311111
1661, 1. 131. 111. 111111111111111
Anderson 1 1111131111 1661, 1. 130.
111111, 1211116 1660, 1661,
1. 123, 138. 11111111 6111111111·

 

