11111111, 1. 1111111111111, 111
11111111 1111111111 1861, s. 138.

“ 11. 11111 111111, 3111 11111

1660, 1681, 1. 111, 119.

11111111, 1111111 8111, 8111
111111, 103.

1111 maa 11· 11111111 11111111-
1111111 111111 10, 11,11,11,
51, 60, 71, 85, 87, 105, 111.

1111111111111191, 195.

111111111111111191, 195. ln·
1111111111, 181, 181, 189-191.
111811111111111118811181.
111111111111111111. ⁴

1111111111 195.

11111111 190, 298.

111111111181, 06, 91, 99,101,
105,118.

11111111111111 158, 177.

1111, 11111, 11111111, 11111111
81111. 11111, 1111111111. notarius
1158, 1111111111 11111111111111
1161, 1165, T. 31, 85,10,
11, 70. 111111111111, 111111
11 1111111 Anthus 1661, 1. 130.
11. 0111 11111111, 111 1111111111
1661, 1117.

111111, 11. 11111), 1111111111,
T. 81.

1111111111, 111111111111111, 95.

1111111, 11. 111111 1111111111
18111111 1. 26 1111111111, 1378,
1377, 1. 21-18.

11111, 11111111, 1111111 1360,
111.

111111, 1111111, 1111111111 111
8111111111 111111 1 1111111111
1517, 11111111111 11181111·
1111, T. 85, 56.

1111111111111111, 11 11111-
11111111.

11111111, 1111 1111111111 158.
11111 1111111111 313.

1111111, 1111111111, 91, 85.
111111111111111 11111 111111-
111111, 95, 10811111111111111
mon 1111111111 1111111111-
111111, 66, 111119. 111 111111
1111111 11111, 18, 58.

111111, 11. 111111, 1111111111
1881, 1. 132. 11111111,11111111
1681,1.111.

ΙΙ Β. 5 Ι. (Μ). rum.

1111111111, 11. 1111, 1138,
1. 38. 1111, 111. 1. 1538, 1. 89.
11111111, 11111. 1513. 1813,
1. 86, 65.

11111111, 11. 0111, 11111. 1123,
111111 1559, 1. 65, 95. 811111,
1111 11111111 1523, 1531,
1. 88, 30.

111111111111111111111111111,1111·
11111 1111 1111111111 1681,
1153. 1111, 1881, 1. 118.
111111,1111111111111111111 1860,
1861, 1111118. 111111, 1861,
1118. 111111, 1880, 1661,
1111, 119.

11111,1111(1)111111111), 111111,
1111111· 11111111111111, 1111·
11 111111111111111111111891,
1691, 1811-328. 111111, 1
1111111111 1881, 1. 137. 11111-
111111111, 1111111111 1181,
1. 131. 11. 111111 111111, 111
11111 1681, 1. 130.

11111, lachim, 8111111111111
1111111.

1111111111 1111111111 188,
309. 111111153.

1111, (1111111111, 111111 1380,
111.

1111111,1.111111 11111111, 111-
1111 1881, 1. 112.

1111111 (med 8111111111),111111
1111111111 (1181111111). 1371,
115.

111111111111111,1111111111
1111111 81111, 1111111111 111·
111, T. 11.

1111, 11 1111111111.

1111111111, 111.,11111111, 193,
1911111108.

1111111111, 11111111111,
11. 1111111, 1111, T. 10.

11111111, 11. 1111111 christoph
111, 1680, 11. 1. 1., 1111111111
1681, 1. 111, 118, 161, 178.

1111111 88, 58, 76, 79, 82, 113.
111111 11 , 17-20. 8111111111·
1111111111, 11 11. 1111111 (1111,
1111111 111111 1111111.

1111111111 78.

113

1111, Lago, 1111, 111111,
1111111 111111 1310, 1. 11. 11.
1111111111 111 11111111 1111111
11111 811111- 111111111 1681
1. 133. 11. 111111 1 111111·
1111111661 1. 188. 111111,
1111111377, 1. 21, 11. 0111111,

11 1111. 11. 11111111 111 111111, ·

1111111111, 1161, 1. 183.
11111111 35, 38, 38, 51, 117,
180. ·

1111111 T. 78.

Lami), 11. 81111 11111111, 111
111111 11 81111111 1611, 1. 135.

11111111 111111 11111111 1881
1. 111. 11. 11111111 111 11111111
11 11111 1881 1. 183.

11111111, 1111111111111, T. 13.

Laud, 11111, 1113, Ι’1. 8.

111111, 1111111, 13.

1111111111111111 229, 178,
281, 191191, 296. 1111111 111,
183-188. 81 (11111111 111111,
11111111111111111111111, 11111
11111111.

1111111111 191, 181. 8111111·
1111111111, 1111, 1111111111-
111111, 1111111111, 011111111111-
1111111111, 0111111111, 1111-
11111111111111111111, 1111111111-
1111111, 1111111111.

1111111181 117.

11111111111135, 87, 98,108,,
115. 111111111111111, ungens
11111, 111 11111111 111111.

1111111111 101.

hang, 11111, 1 1111111 1861,
1139.

Lange 1111111111), 1111111111111,
111 1111111111 1360, 111111 1377,
’1.11, 15, 16. 111111, 1111111-
11111, D. 11. 1. 1518, s. 95.
011, 111 8111111111, 1111111111
81111111111111 111111111111
18811153. 11111,1661,1.118.
11. Thomas 11111111, 11. 1. 1.
1511151. 1111111111

11111111 11111, (11111111, 111-
111111, 1881, 1. 119.

11111111111111111, 1111, 111-
1111111 111. 1881, 1111. 11.

15

 

