1101010110,Π.13.

01010001011010, (1011. 41030
01010 1111003011, Ι. 6.17. 18. 39.
30. 41. 43. 333164. 63. 71.
77. 11. 7. 13. 30. 31. 43. 38.

31010001011001 christ. 1.,11.
19. 34. 37.

31010001011010 (1011. (100110-
30101, 11. 34.

310100010110011)0100011.,1.16.

31010001011010 1101001, 11. 3.

310100010110011101100, 163.
H. 33. 33.

31010001011001 310000, 1. 38.
73.

111110,.1,11 36.

3110010100011111100101, 1137.

1101100 1 1131110, 11. 85.

30010100-1111001010101,167.

11. 33. 36.

3001113001, 1101010, 11. 40. 43.

300100111011110010, 11. 13.
1101011100, 111, Ῑ. 83. IL 13.
1101003000, 03, Ι. 39.
1103111, Ρ101, 1 43.

Dyrta, 3000 0110101,1.00.

D yrtids-Tillaeg‚ 1. 8211. 13.

33. 31. 49.

3013011, 41011101, 11. 12.

31101311 3811. 33.

3030110, 11. 33.

3130101031, 11. 43. 36.

3111101, 11. 44. ,

31110, 110001, 1. 10.

3100 30100103. (11100000), 11. 3.

3103030-1001101, (1010110110,
18. 18. 78. ‘

3013100 83011. 36.

30310030103. 33.·

3000130131, 11011, 101. 3138.

3000101011, 0101, 310100, Π.
39.

3000101011, 11., 00011, 1. 31.
3133. 8111 11. 13.

30010030 1110101, 11. 34.

3111030110, 11. 33.

31110000,1100.,146.

3101011, 1110111101, 1. 34. 46. 38.
69. 11. 33.

301100, (10100101, 1. 38.

11311010 00 11001 1110.

310101 00 4001000010101, 11. 16.
40.

311013, soh„ 1., 39.

30013000, Ρ1ιο01, II. 6.

3110100, 1. 38.

3011110100, 1. 0., 11310001, 1. 43.

3011003010, 110, 11. 48.

30111000, ’11. Β, 1. 4. 11.

301000,431011011030,1 31. 33.

300010001, 1. 36.

30111010000,“181011003, 1133.

30131000010001101, 1. 74. 11.
16.

300001, F„ Ρ11001, Π. 33.

301101, 10000 10010 103 (1011
11103, Π. 36. 38. 30. Ι

3131001, (100010100301, 1144,
111110,1. 80.

3103101, 3, 310101, 1. 37.

1150110100, 11. 33.

Pinum-Archiv, 301 000110,
139.

310001001010101101, Ῑ. 1313.
36. 33. 38. 39. 36. 37. 73. 11.
0. 31. 38. 33. 36. .

31010030 11101, 1. 33. 63.

31010111 113010 830, 1. 61.

3100300,11. 40.

3011010110001 1 3000030001,
133.

301100, 3010100310, 1143.

3011]0001-110301110,1130.

30111100,110101000300001, 1144.

31030003010,11. 9.

3103011010,133.

310301111, 11., l. 17.

3103011111,11., 1. 46. 33. 66.
11. 1143.

31030111111, Κ, 1. 33. 80. 11.
33. 37.

3103011111, 11, Ι. 31. 61. 14.

,13. II. 33. 36. 39.

3103011171, 11, 1. 4. 3. 33.
11. 13. 16. 31. 33.

31030111 v11.‚ 11., 1. 3. 4. 8.
13. 33. 3130. 34. 33. 36. 64.
63. 73. 76. 78. Π. 3. 4. 8. 13.
30. 39. 40. 31. 33.

31030111, 111001. 111 30001011,
11. 4. 39. 33.

301100, 300. Β, 00300101, 11. 18. 1 3103011111, 11. 0111000001. 46.

11 0. 1. 0. (1000). nne..

81

31030111, Ρ1. 01 (11110103, 14.
31030111100, Pr. 01 11011011,
130.
31030111 11110.,Ρ1. 01300000,
193. 3033.
31030111030101033100110, 11.
43, ’
3103011103010,1801030010,
1. 3. ·
310301110110100 710111, 1. 36.
31010010 11111101. 39.
31000300, Lector, 1. 28. ι
31110, F. 11., 10101003, 11. 58.
31110,301000,1)101, 11. 17.
31110, Ρ10001, 11. 3.
1111101003,11. 13. 1301011011.
3136.
31001, Ρ, 1. 43.
3101011,1)101,1. 3380114130.
30103 3131101, Π. 41.
30111000 11311013011003, 110.
31011030-1030011001010101.
11. 3144.
3001110100,1. 34. 43. 48.
333010113000030001, Π. 36.
3311001111, 11. 11.

(10301, (1. (1, 1. 36.,
(10111100, 1101103,Π. 13. ’
(1000013010,11. 33.

(10130, 0010,1. 68. 13. 79. 11.
10. 33. 34. 43. 37.

(1001101100, 11. 87.

(103 30, F. Ε, (13111, 8111100110,
n.11.

(101101100-11031101, 1103011001
001100010101, 1. 3. 0101101. 111
11000001, 1 6-7. 1300 01 03-
1130 301111 01 1013011003. 001310
3100010311, 1. 22. 36. 11010101-
11001001001, 133. 31θο10300, .
11300010300100030 1130000, 00-
000001010 3013013, 1100010.

(10100100030111101100 Archiv,
1. 30. 33. 38. 43. 3163. 77.
31ηω’ z

Genea1og. herald. 8010103, 1. 46.

39. ¹

(100010110000101 101 11000000
(1111111010, 1. 33.

0000101-311110100000110110 ·

(1011001010 Archiv, 11. 1333.
11

 

