231

616 1611816111111611111. 3. 8611 0611661116 1161161161. 4.]161186111611111161. 1.Κό-
11611111116161. 6. 816116111116161. 1. 81611 1631611 j 16111 1116116 8616611613. 8. Ε611
Hof Fourirer. 2. skal 16111116 61118613-861111111161, 1611161616166611616 66 1116
66111111616116 j Agt 1636, 111111116111616 1111 66 1131136 1116161616 66 1316111611-
(111311 Ρ1616661161 1111 16111, som voris 0111 Hos 1111116161, 111611 16 111 116361 1161
bruges, 111111111611161316. 3. Ρ61 161 1161116 66 611 11611111161161611161
8611111 (1116 11111616 161611161, 166 skal 16116116 161118613-811 11161161161161 6111-
gang om 113611, 1611113 1161111113 om Formiddagen, 1161 11 661 1161 116116111-
monde 611161 sin 111611116116113111861 6611131 1111 16116 1111663161] 16161611161116
86361 111 11666113 66 Votum, 1611116 161611 66 1111 1166, 161 86111116 hand 16111161,
1611661611113 61 111136, 6611116 vj 1116111611311, 11 8611111611 61111 16 1166116 8161111161
161161111 61 1111361, 1161111661 Vota 616 lige, (16 86111161 611161 1161116116111 66 (16111
vota, 16111 1161 1611611616 61111161161116, conciperes 66161161161. 86111161 611611
1163611 111661] 161118113 811Τ111611111616 611 een 6116161161 Μ6616 udj Sagen
61 1616 111616116161 61161 66111 6186111116 166 naer 16111 81116116 61161 8111161116 81111
1611131111 611611611163161, 11111111 16111 1111 maa 11116 811161, 11161611 161 1616111, mens
16111611Ρ61161116111111111, 1111366 611611616. 4. ’111 1611116116 ,16111 8613 1161
116111 1111611161611186116116 j Collegierne,= 1611 1611 herj 16111 161131. 1161111111
8161111116111111 661616161111 j 81113611, 1161 deris 1111111661, 8111161 66 8111, 11136-
11661611,1111 111616113 116111 j 11111Η61 66 611611 1616161111 j 8111361, som 1116
1161 0116166161, Τ16116611111, 11616661, 81111-,163166 111111 16111136 86116116, jtem 1116
(1611186116116 6611611116116161, somj 11613611 616; 166 111116 66 6116 11111Η6111161611-
16111, som 1661161 j 8161111 66 ingen 161361113 11161163 bruger, 11616 6111118613-
161161. 5. 11168631111113111118111111311161113111111(11611113116111111111
11 1611111111 voris 8613811 66 111116 111 16111 1161861 appelleris, 1111111361 (11161131
86361, som 1116 ο11613661.30116(18111,116161]“ 113111666161161 111 Ηο1161161111111111,
1111136116 11 86361, 1611 613611 Η66111· 61 (1611161111616 811118116166116131111,
16666 16, som 61161 deris 111111 11111161 111 16 1161163161, 111 161111111161 111161.
11 Η111 1131611611611161616116111361, 16, 1161161111(1611616161161161111116
81631 6111611161, som 616 16161111136, 111 flamme Formyndere at 1116, 611611 (16 616
11161 denne 1611111611611 61161 616 auden, 11111616, 16161161 8613111161 1611111616,
61 1161 1611111611 3111111, 61163611 11 81116111 1111161 66161 111 86611 86111613113,86-”
3111611113 6161811116 11111616 11111611, 16 1116111111 (16 61 8613111111 (161111. 1. Endo-
1361 11116 vj, 11161 1111 6161116111 66 dammis 611161 11111161 66 861, 16166 61 6116
11116336, som j 116116 113311, 1161666 8611111616 11111616. 1116161161 16 1111116111·
61611161136861611611.1111611116116. (111161 611. 86111119116161111. 1681.

C. 81161161.

 

