90

1. 118. 1111111111 1 81111111
1601 1. 138. 111. 1111111111 111
11111111 1111 1111. 111ιὲ
colai, 111111181111111 81111 1101,
T. 31. 111. 11111111 1111111 og
Sonnerup 1661 1. 130. 111. 11111-
111 T. i vigersted 1001 1. 181.
11. 11111111 1 1111111111, 11
811111. 111. 11111111 1 1111111
1661 1. 135. 111. 1111111111111-
¹ 11111111 111 11111111 11111111
1601 1135. 11111111 1811111111
1061 1131. 11111111 1111111-
1111 1011111111) 1001 1138,
139. 111.11111111 1 011111111-
1111 1001 1. 110. 111. 0111111,
11111111. 01111011111111311,
1. 15. 111. 0111111 1111111111 111
1111111 1001 1. 135. 1111111111
118111111111316, 1311 (10111

, 1 811111111111111111111 11111111

1011 11110111), 121, 25. 111111-
101, 1111111 1151, T. 19. 11.
11111111 1 11011111 111111111-
1111 1111 1061 1131. 111. 11-
11111111. 1111111111 og 1111111
1001 1. 130. 111. 1111111 1
1111111111 1001 1131. 1111111-
1111111 1 811111111111111111
1061 1. 132. 11111111111111 1
81111111 1001 s. 132. 111111-
11111111 1 0111111 1001 1.130,
81111111 pua 1111011111 1002
1. 150. 8111111111 1811111111 111-

11111 ¹) en 1111111111 Fugl, 9111
1111111111) 1311 1. 15, 21. 111.
’1111111111 1 8111111111 1081
1131. ’1111111111 1111111 1001

1, 139. 10111111,1111111111 1
011111111111 1601, 1. 118.
Audurus, 11111111 1811111 1513,
1. 50.

11111111111111111111, 1111111-
11111 1601, 1. 118.

1111111,11111,1.09.

1111, 11111111 111 11 011111·
1111, 111, 10.

1111111111, 11111111.

111111, 111111111111111111111111-
111111 81111, 11111111) 1111, Τ. 66,
01, 12.

11111, 111111130111111, 111111- ζ

1111111 11111111, 11111111181111.

11111111. 111111111111·“11101111 ff dioc. 1111, 121.

1662 1. 150. 0111111 1011111
16011131.
111111111111111115015. 11111-
1111111111 1. og 111111111111,
11 11111 8011111, 1111110111,
1111111111111, 1111111111-
11111, 1511, ’1.53-55.
111111, 1111111111 0111111111, 11.
111111, 1102. 011111111111111,
1111 eget 1111111111, 101111-
1111 111 111118101 221, 218.
1111111111111111, 11 811111111-

mer. 111 11111111, 91, 95. 81. p

11111111111111,1111111111, Τ. 28.

1111111111, 111. 111111 1111111111,
1 111110, 1111111111 1 11111111
1001, 1. 110, 111.

111111111, 1111, 1111111111
1001, 1. 119. 11111, 1111111111
1001, 1118.

11111, Arne 811111111, 1111111
01111391, 1. 31. 11111111 1
1111111111 1001, 1. 111.

111111, 111. 81111111 11111111,
1110111111) 1681, 1. 110.

1111 11111111, 111111111111111,
11111111, 1111111111 811111,
1001,1. 119. 1111011111, 111111-
11111111111 1811111111 1001, 1. 119.
0111111, 1113111111 101111 og
11111 pua 111111 1061, 1119.

. (11111111, 1111111111111111111
811111 1062, 1. 119.

11111111, 111. 11111111 111
11111113811111111 1601 1. 131.

1111111 1111111 Τ. 58.

111), 111. 1011111 1111111, 1111111-
god og Vester 1001,’1.133.“

111111, 11.0111111111111111,111
1111111111 og Sedinge 1061,
1. 131. 11. 1111111 1111111, 111
11111111111111 og 811111 1601,
1. 131.

11111 11111101 1111111111 1110
Τ. 20.

111 1111111111 12.
11111011 15.

1111111111111111111 1600-
1001,1.115-150.

11111,11111111,11111111105.

111111, 1118111111111111, 111
8111111111 1110111111 1001, 1. 135.

111111, 111. 1111111111 111110111-
maga, stranda 811111, 1002,
1119.

11111111, 1111111.

11111, 1111111111, 11 uolt.

ι 11111, 111. 11111111111111, 111

11111111 og 811111 1001, 1. 135.
1111 1111111111 1311 1.10,11.
111111 123, 112, 323. 11111111,

11 1111111111.

1111111, 8111181111, 11111111

111., 100.

111111), 11. 1111 1111111111, 111

811111 1001, 1. 138.

11111, 11111, 1 8111111111 1000,

1001, 1113, 138.
1111111111, 11111111 1111,

15, 21.
11111111111111118. Lng-

maend, se 1111111 1111111111.
Avgo 1111111111 1111111111 1320,

115.

1131111111, 1111111111111111

111111, 111111 1111111111 1001,

1. 110. 111. 1111111, 11 8111-

111111. 11111111, 81111111111

1111 8111111 1002, 1. 150.
11111111111111111111101, 11,

85, 98, 105, 111.

111111, 111. 1111 1111111, 1

1111111111 1111111 1001, 1. 131.
1111, 1111111111.

8111, 1181111.

811111, 11. 11111 1111111111,111
81. 11111 1 11111111, 111111 1
1111111 1111 1001, 1. 131.

31111, 111. 11111111111111,111
811111 111 11111111 1001, 1130.

nagge naggesen 1 11111 1001
1131. 1111111111 1 1111111
10011130.

nagge 1811311111), 111. singen
81111111, 10111111061, 1. 135.
11. 11111 81111111, 1 8111111
1001, 1. 130. 11111, 111111,
11101111, 1601, 1. 115.

 

