Ᾱ6166 35. 8161166161 68.
16366661, 136616, 1166666666,

66616666

¹ ovnss BIDRAG un DANSK fflswomn OG TILLAEG 1 ANDET 111111).

-——-—-<

166161163666666, 66 6666 111-
661666 16116.

31. 61661666636,1.6661166,360. 16661616, 116. 116661166666, 111

1636666, 116. 166666 1666111666,
111 06666, 1161661 63 1616661
16616131.

1636, 136 (16161636, 0116,’066,
111161 1611666666 1513, 66111611.
116. 1666666 1163, 66 666166166-
11163. 1661666 1 1116361611 1661
6. 138. 161166661661116166166, 66

. 666666. 0616661 1377 6. 35.

161166 68,

1611661611616661, 66 6166666-

’ 11663.

16116663 35, 133,139,333. 61111·
6161616666, 66116. 11666163116166-
6666.

16116663, 116. 11666 1166666, 1
1166061161 1661, 6133. 11. 1666
christanum, til 616666661636
1661, 6. 130. 1161666166666,
111 6616663 63 1111161616 ’1661, 6.
130. 166611166166611661, 6. “
137. 116. 111616136666666, 111
11166 63 1166166 1661, 6. 131.

1616366616111616366666,85,
97,105,113.

1611661661 1611616161, 66 11616161.

1661661 Τ. 71-77.

1666611 63, 63, 77, 76, 88, 80.

1661166 13, 35, 133, 139, 199,
333. 11163166 1, 7, 9,11,15-17,
30, 31, 30, 10, 56, 65. 66666-
16166116616663116111161 133. 61111·

1166161161666 63 61666666 1661,
6135.

166166, 16616616166, 116.
166366 1666161666, l 60116661
1661, 6. 130.

16666661, 16616666663116666166
66361166661166, 130, 131.
1661661, 116. 16661 (1616166666,
111 6166666616 63116116 1061,

6131. “

16616611 63 3661661 1611661666,
66 0116 6161 01166666.

1661, 1161666161166666, 11166661
1661, 6. 131. 116. 16661166666,
111161663 6311666631 1601, 6. 135.

1611636666,Ε33661, 1661,6. 139.

16666616, 11161161 1166661666
pan 1161606666 1663 6150. 116.
166366666 1 116666, 366661 1
666666661666 1661, 6. 116.

1666166,1166116111661161166-
666 111 11616 63 (1666663, 166661
1 6666666666εά 1661, 6133.
116. 16666666 6666161 1116666116
63 1666361666 1661 6. 131.
116. 16666666 6166116663 1111666611
63 1116616611 1661 6135. 1666-
1666, 1111666 1330, 6. 11. 116.
166366666 1166613, 11663661611
1166666611 1661, 6. 116. 1161116-
666, 1166666 1377, 6, 35, 37.
11616366666 1133, 66 11661.

11636666661616611, 11616666 1377,
6. 35, 37. 1116166166, 66116666-
166666. 116166666666, 66111611.
166166 75, 119, 333.
1661666166, 11. 11666163 chri-
6166666 111116666666111, 166661 1
6611163666661 1661, 6133.
1661, 1166616666 616666, 61, 71,
86,38,105, 115. 1666161163
6161 ej 166366 den 6666 116-
66161 18. 11666 361τί163166 10,
13, 33, 16, 50, 60-61, 71-78,
83-88, 96-131. 1166616666-
66666 61111163 1536, 66 16161,
1666166666, 1663661, 116666-
16616163, 11616 63116666116636-
6613, 11616,6161,1“16666. 6111-
1163 611661661, 6. 163. 1136-
166636 1661136 63 6663661136 1
6616616661163, 181; 1136666 161661
166661116666616166666 178,’183.
333; 6166116616616616666 6161
6666 66 1166366113 191.
1661666, 1166611, 1611616661 6666
1166166663 1611 1691, 6. 353.
111616 66666666, 1611616611 6661-
616616116 1685, s. 360.
16616, 1116611666, 1113, Τ. 31.
11161661, 116161666, 6611161166-
11666. 1113666118. 161611136-
66161661, 066 066116.
16161661116166611631661 165,
193, 191, 195, 305, 368. 1661666
166, 185-188, 308-309, 390-
393.

 

