611111, 61111, 1 11111111 1661,
1. 113. 111. 1111, 111 1116111111,
11111111 6111111111 1661, 1. 132.

611111 111119.

-611,6111111,11611.
6111, 11111111111111111111, pan

61111, 6111116111 6111111611 661
111111111116111, 6611 1111161111
61111111111 111 6111111111 11
6111111 11111111. 0111111, 16111

·1 61111111 111 11111111 1111111

1111 over tre 11111111) 1311,

1. 25. 111111161111611111111111.
6111111111τί 319. 611111111, 111111111111111, 1660,
6111111, 1111116111, T. 8. 1661, 1. 122, 129.
611111111111111111 111111111111 61111111111, 11. 61111111, prof.
1661 1138. 11111111 1111111111 11. 11111. 11 antiquarius regius
1660, 1661, 1. 123, 139. , 1661, 1. 129. 11. 611111111011·
61111,111111111,7,9,19,Τ.5. 11111, prof. med. 111111. 1661,
6111, 1111111, 11111111 1661, 1119- 1111111111. 1111111111111.
1112. 111. 01111 1111111, 111 . 1130. 6.1111111161111111,11ο1.

1111111 11 111111 1661, 1. 135. Α 111111.11110.1661,1-129.

1., 1111111111 11 011111 1161, 1 6111616111111811113ῗ11111111111111111
6111161111Η1ῐ661ῗῐ5513558111551111 1 6111111111111, 1111111111,
11111111111111. 111111 1 61111111111.10111111111
1111111111111111111111,1111. ¹ 11111111.13.11; 1111111 11

6111 1661, 1. 116.

111.111111111111,1116111111111 ² Hnderslev 11111111 Τ. 53-55.

11 6111611 1661, 1. 130. 11. ¹ 1111. 111111111111111.
111111 flamen, 111 nalum og Ι 61111, 11111111111111317, 1. 25.

sanderum 1661, 1131, ur, 111111111111317, 1. 25, 21.

0111, 111 1111111 11111111 1661, 81111. 1111111131 1377, 1. 25, 26.

1113, Thomas, 1111111101, 61111111111111111, 111111111111,
theol. 11111. 1661, 1. 129. 16111111660, 1. 123. 111. 111111

6111, 1111111111, 262. 1 1111111111, 111 61111 11111111
611111,Ε111161111,1661,1118. 1 6111111. 1110111 l 6111111111-

11111 6111111, 11111111, 01111, 1 1111111111111. 11111111

1523, 1536, 1. 65, 66, 89. 61111,

1660, 1661, 0111111111111111-

0111111111, 111 1111111 11
6611111 1661, 1. 136.

111111111661, 1. 122, 128, 115. 6111111, 111. 01111161611111111 .

111111, 1660, 1661,1.122, 129.
111111, 1661, 1. 123. Δ
6111111 (1111111111, 111. 111111 61-

61111111 1601, 1111.

61111111, 11111111011111111111,

11161111111111 1661, 1. 131.

11111116111111111 1661,1.130. 611, 6111111, 111. 611111 111-

6111111111, 111.11111, 111 111-
1111111111 11 1611111661, 1. 130.

111111, 111 16111111 11111111
1661, 1. 136. lens, 1 11111111

61111111111, 116111111111111. j 1661, 1. 139. 11111, 1111111111
611111611111111,111111111111111 1 1661, 1110. 111. 111111 111111-
1111111111111, 6111111111611111, 1 111, 1116111111111, 1111111111 11

1662, 1. 149.

6111111111. (11111, 1 1111111111

1661, 1. 132. 1111111110111111,
111 611111 11 1111111111 1661,
1133.
6111111 11111111 1111111111-
111111111111161111111111, 13.
Burnum 6111111011, 1111111 (nl
1111111111, g. m. 6111111111.

¹ 6111111111661,1.161. ’
61111, 1111111111 111111, 1 111111

1661, 1. 136. 111.(11111111111
11111111, 11111111 1661, 1131.
111. 1111111111 01111111111,111 61.
11111 1 0111111 1661, 1. 132.
11. 111111 11111111, 1 11111111
1661, 1111111 1111111111 1111,
1135. Ι

91

611, 611, 66111111111111,11.

611111, 111111111111111, mi·
11111 1360, 121.

6111111111, 1111111111 1111, 103.

61111111, 1111 Anderson, 6111)
1011111 11523, 1536, 15116561.

61111111 25, 26. 01111111111111

61111,11111111,111 6111111111, 11.
11. 1111, 1111, 111. 11111111
1111111111 1 6111111111 1661,
1115. 1111111, 1661, 1. 128.
1111, 1661, 1. 129.

6111111111, 111111 1111, 95.

61111111 p, 111. 1111 1111111111,
1 11111111111111 1111, s. 111. ’

6111111111 111111611161, 611111-
mand 1 6111111111 611111 1662,
1. 119. 1111111111 111111 11111-
lemnon), 11111111111111111111-
1111 611111 1662, 1. 119.

6111, 611111, 6111111110111111-
111 a: 1111111611 1513, se 1111.
0111111111111,111111111136, 1311.
1111111111111 1111111111, 61111111,
6111111 1111111111 1661 1. 165.
11111111, 11 0111111111. 111.
1111161 1111. 111 111111 11 611111
1661 1. 133. 111011111111111-
11111 1661 1. 130. 111. 61111·
111, 11 1111111111. 6111111111,
6111111111 1 6111111111 1661,
1116.

611111111, 111111, 1111111111
1111111111 111111111111111111, 1311.
11121.

61111111, 111111, 1111111111161111,
0111111111111111.1111111, 11111-
11111, 1111111111- 111111111111111-
1111 1616, 1. 210. 111. 661111
11111111, 111 6111111111 16111111
1661, 1135.

6111111 11 36, 51, 51, 55, 111. ,

111111111111 51. 1111111111
52, 118. 6111136. 6111111111
1161111136, 16, 51, 56, 56.
6111111111111111, 111111611111-
111111. 111111111111111111-
11111156. 111111111115. 111-
11111 36 1111. 11111 1111111011).
611111111111118. 1111111111,
11 1111111 1111111111, 11111
11111111.

12*

 

