116

1111101111111111, 1691, 1. 306.
11110, 1680, 1861, 1111111111
01111111111101 011101111111111
1890, 1111, 129, 183.

111111, 11111111 11111. 1111111),
35, ’1. 73.

11111 11111111011111 1111111111
111 3111111 Τ. 57.

11011011, 111. 111111111111, 1111-
111111 111 S. 01111111 01 11111111
11111101 1661, 1. 130.

11011, 1110111111110111111, 1
(11111111111111 1661, 1. 133.
1111101111 og ’11111111 155,

177.

1101111111, 111111 11111111, 11

1110111111 1377, 1. 15, 17.

11111 11 11111171, 198.

11111, 1111111111, 1111111111
111 811111, 11 1111111111. 11111-
111110 1111111111111 01111111,
11811111. 0111111111 11111-
1111 1661, 1. 110. 11111111 1
11011101 1661 1. 139. 111. 011-
111110 111 011111111111011 01
11001111111061 1132. (111-
’111110 11111111 1661 1. 139.
11111111811111600,1601, 1123,
138. 111. 1111111 111 01111 11
11111111, 1101111701110111111111
11161, s, 130. 111. 1111111 11111-
111111, 11 11111. 111. 1110111 P.
111 81111111, 111111. 1111110 1
0111111 1661 1. 137. 11111101
11111111 1061 1139. 111-11-

· 0111110 0111111010111011111111

1661 1130. 1111101111111111-

11111 01 Carbo 1661 1. 135.

111. 10111111 Τ. 111 11011 01

11111111011661 1. 131. 111. 111·

1111111 11. 1111111111 11 11111-

111111661 1. 131. 111711111111

111111111661 1. 131. 111. 11111·

1111 8101111111 1661 1. 131.

[11111111 1101. B. 181111 1681

1. 111. 1111111111 1711111111

1861 1118. Lumen 181111-

11011 1631 1. 111. 1111111 1

111111 1661 s. 110. 111. 11111-

111111 1711111111111661 1130.

11111111111111011111 1681 1. 133.

111. 111111110 1810111101 1661
1. 130. 111. 1101111111 1111, 11
11111. 111. 11111110 1 11111111,
1111111111. 11111111 1 11011111
1661 s. 139. 11111111 1 1111110
1661 1. 111. 11111111 181111
1661 1111. 10111110111111111
1661 1. 139. 10111111 1110111
1661 1. 111 11111111101111 111
[0111111111 01 1111111111 1661
1. 130. 1111111111 11111111 1661
1. 111. 111. 8111100111 Ι 11111101
1061 1. 131. 111. 81111111 1
111111111111 11110111 1061 1. 131.
811111111110111111101111111601
1137. 1111111111111.

1111111, 1., 11111011111 1661,
1. 137.

111111111111, 1111111111, 198.
1111. 1111111111.

11111111111 51, 62, 76, 86.

1111011, 1101111, 1111111101,
10111178. 811111111111513,
1. 56. 1111111111 11111111 1661
1139. Rimmon, 1111111111-
11111111111811111 1662, 1. 119.
1111111111, 1111111111 17001-
11111661, 1. 118. 1111111111.
1 811011111101111 111 8111-
1011 1611 1131. 111. 111111
111111110111111111 1661 1. 133.
10111111,1111101111111111110111
1360, 110. 10111111,11111111
1377, 1. 25. 1011111111, 11111111,
vibergensis 1101111101, 1110,
1. 11. 111. 1111111 111 811111-
11011111 1 1111111111, 111111111111
811111, 1661, 1119. 1111101,
8111111111 1 11110111 811111
1061, 1. 119. 110110113011111
801111110111811111 1662, 1. 119.
1111111111 1 0111111661 1. 137.
110111101, 8111111 1111111111
8111111061, 1. 119. 11111101,
1111111 1113, Τ. 8. 11111111 111-

1111 1111 s. 110. 0111111111
1101111111 1661 1138. 0111111
11111111111111111110. 1111-
1011, 31111 11 8111111111 811111
1662 1. 119. 111. 1111101 111

1111111011 1661 s. 113. ’1111111-
111, 1111111.

1111111111, 11111011, 1111-
torp·⁸ 11111111 8010, 1111111111
ΜΜἮΜἈᾺΜ

1111, 11. 81111, 11111111, 110111
1 111111111111111 1661, 1. 130.

1111111111101111111111 6, 8, 23.

1111111, 111111 1111110111, 1 11111-
1111061, 1 137.

11111111, 1111711111 1111111110,
111 11111101 11 11110101 1661,
1136.

11111111, 11111, 171.

111111111111110. 1111811111
som almuslum?

111111135.

1111111111, 111. 111111 11111111,
111 (111111, 1111111101 1111111111
1661,1.136.

1111111, 111. Samuel 011111, 1
1111111111, 1111111111 1 111111-
1111 1661, 1. 116.

· 1111111111 62, 63, 77, 78, 88, 89.

1110111111, 111. 0111101111111
1101111111 11181111 01 1111111101
16611136.

1111111111 1811111111), 111. 111111
111011111181111101011360,121.

111110110, 13.

1111011 1111111111 l 111111011061
1. 111. 01111111, 1111111111-
mand 118111111011811111 1601,
1. 113. 811111101111, 811111·
mand 111 111111111111111 1681,
1119.

11111111, 111. 111110111111111,
111 1111111111 1111111, 110111
1 111111811111111111111 1161,
1133.

1111111111, 1111111111, 11, 11,
80-31. 11011101 Τ. 70. 11101
0111111111111011, ’1.68. 1111-
11111111111, 11 0110111110.

1111111111 1111 ’1. 78.

1111111111 110. 1011111101, 11
8111111011.

1111111111, 111111111111111, 111
11111 01 71111, 110111 111101-
1111111 1661, 1.135-136. 111.
110111111111, 111 3111101111]-
11011661,1.138. 111. 11111
11111111,111111111 11 111101
1661, 1136.

 

