96

11111111. 1111111111111111- 1 111, 1111111111111111111111111

11111111. 1
1111111111111111, 111-111. “
8011111111111111111, 1101111111

11111011, 111111111 11111111.
0111111111111,11011111.
01111111111111 121131. 001-

1111111321. 01111111111111111

11111]111111111661,1. 133. 111-

138. M. 1111111111111 1111111-
1111 1611 1. 181. 1111111 1
11111, 11 11111. 111. 111111·

01111111,11111111.

1 01111111111 11111 11 11111111-
11111111 1011111 1111 1131. 1 111, 71.

11111111111111111111661 1. 1 01111111111322.
130. 111111111111111611 1. 1 0111111111,111111111111111,

111 1111111111 1661, 1. 182.
01111, 111. 11111 11111111, ’111
11111111 11811111111 1661, 1.

111. 111 1111111111 1111 1111. 1 111.

81. 0111111111 111111 111 11111-
111111 T. 21.

011111111 11131. ’1. 11111111
1123 T. 11.

011111111111, 11111, 3, 5. 11,
111119, 11, 15-11. 11111111, 1
11111, 10. 11, 11. 1111111111-
111, 1111111 1111111111, 11-20.
1111111111111 11111111 1662
1. 150. 111. 0111111111 111 11111-
11111 og 0111111111, 111111 1
11111111111111 1061, 1. 136. 111.
1111111 1111111111 1111111111 og

81111111 1611 1. 130. 111. 1111-

1011111111, 111, 1661, 1132.
111. 01111111 111 1111111111 og 11111
1811 1. 131. 111. 11111111 1
1111111111111, 111111 1111111
1111111 1161, 1. 132. 11111111
1111111111 1600, 1161, 1123,
118. ’1111111111 11111111 1660
1123. 1111111111 1 8111111 1660
1. 123.

11111111 181111111 1660, 11161,

111 11811111111111 11111111 , 1121131.

’ 16011131. 11111111111111 0111, 11111111, 111111111111111111

1666, 1661,1.123, 130. 111.
1111111111111 1611 1. 111. 111.
1111111111 1 1111111, 110111.
11111111, 11111111 1111111111 1511,
T. 19. 111. 11111111 1111111111
110111, 1111111111. 11111111 1
1111111661 1. 112. 11111111
11111111 1661 1. 138. 1111111-
111111 111 11111111, 1111111111
Ι 11111111 1111111111111 1661,
1116.

01111111, 111. 1111111 11111111,
111 1111111111 1111111111 1661,
1. 131.

0111, 11111111.

011111-11111111111111111-
11111 11111111 under 111111
1111111111111, 193.

01111, 11111111, 01111111 011111111111111 1 111111111-
11111111111),8111181111111111111. collegio 151. ’1111111111111111
11111111, 11111111111111111- 323.

111 1122-1110, Τ, 15, 11, 19, 011111111, 111. 1111111111 111111
20. 111.0111111111111111111111, 111 01111111 og flelnsvig 1661
1111111. 011111111111 111111 1133. 111011111111111111-
1810 1123. 1110111111111111 11111 11111111111601 1132.

1511, Τ. 19, 51.
01111111111111111111,1111111

111, 201-205, 011111111111111·

11111 111111, 11111111.
011111111111,11111111.

1111, 286-289, 299. 1111111
2110-210. 1111- 11 8111111111
111111111111, 286, 281, 292, 2118.
01111111111111181111111211.
11111111 215-218. 1111. 111111
8111111111.
01111111 0111111, 1111111111
8111111 1160, Τ. 31. 1111. 11111
0111111111111111111111 165.
011111111111 118111, 1111 og
Tobak 321, 321.

11111111118111111111111661 011111, 01111, Christian 1111
1.131. 111. 011111111111111111- 1 8111111111 15111. 59.

111. 11111111 111 1111111111 og 1
1111111 1601 1132. 111, 11111111 1 011,011111111,1011,1.129. 1111

11111111, 1311, 1. 25. 11111111,
1661, 1. 1211.

0111 111111111111111111 101111-
1111111111 1662, 1, 119

0111111 ’118,

01111 1111111166.

0111111, 111. 011111 1111111111, ’1
81111111111111 1161, 1. 131.

1 0111111, 811111118111,811111
Clemens, 111. 11111111111111111 1 1111111165.
811111 1111111 1661 1 136. 1 0111111, 0111111111111, 011111

1111111, 301. 1111111111. 11
011111.

bamberg, 111. 111111 1111111,
111 11111111111111111111· 1161,
1131.

0111111, 1111111 8111, 8111111
1111111, 91, 120.

1 0111111, 111. 1111 1111111, 1
01111111111111, 11111111111, Ι 111111111611,1.132.

281. 1111111292-301. 81111- Ι 0111111,1111111111111,111-

1111111 111111111111111,3,
5-11, 13, 11-19, 21, 23-21,
11, 15, 118, 119. 1111111101
111111111111111111111 10, 13.

0111110111111 1 81111111 1611
1. 138. 1111111111 111 1111111111
11111111 1661 1. 131. 111. 1111-
111111 1111, 1111111111111111-
1111 16611. 150. 111. 81111·
1111 111111, 1111111.

011111111 11111 18, 11, 19,
80, 83, 81, 91, 103, 101, 112.

011111 111 11 11111111 111
11111276,

011, 11111111, 11111 11 811111-
kloster 1523, 1. 66.

01111 11111111 1111111111· 1162
1150.

01111, 111. 11111 11111111, 1

j 1111111111 1662, 1. 110,

 

