82 16016186 om Ancum-summanum

0666661 -111166666116166661
616-666616, Ι. 27.

0666661-Ρ6666666, ΙΙ. 46.

(1666661666166 6111661, 1128.

(16616 1661666116, Κ, Ι. 46.

(166666611, 166, Ι. 66.

(116666, 16161616, I. 40.

1116616116 866, 11. 66.

(11666166,Ρ6666616611., Ι. 10.

(1166616666666, L 76.

0166, 611166, Π. 42.

(116666, Heu-ed, Π. 48. 1116661,
6, 11.

(11666666, Π. 22.

0166, 0661, 169.

(1166666666666 Archiv, 1. 68.
74. ΙΙ. 6.

(1611666666 666611, I. 88. 74.
ΙΙ. 6. 4166. 1666616666, 140.
116616666, Ι. 6. 11666616, 11.11.

(166666666,1661116661666,Π.17.

0661666 16166, Ι. 11. 88.

1166166666 16616616611. 6.

061116616161, 11. 6.

(16666161 166 116661, deponeret
1 (166. 6666, I. 16.

(166661νί6, 16., II. 84. 46. 67.
86, 1. 81.

(16661616, 8166. ι161·.,ΙΙ. 68.

(16666666 - 8666666116666
1667, 1. 12.

(166666666661661666-0661-

16166166, 1. 46.
(16666166, 161, Dr„ Ι. 67. 80.
IL 11. 28. 86.
(1666, 8616616666, Ι. 46. 67.
(1666, 1161116611 6166611611,
1 16. 27. 11. 48.
(16166666, 0. Η66611-, 11. 40.
(16616111 666166, 1. 68.
(1666666666, 66666, Π. 48.

Η666616161616666, 1166666
1666666, ΙΙ. 24. 86. 48.

1166666161, Ι. 76. 66116 661611.

‚ Ι66166161ἰο6,·Π. 67.

“ uagus (i 6161116). 1. 61.

116666, Κ. 1 116666, 11. 16.

’11611666666 6661, L 46, Ρ66-
6166666, ΙΙ. 48.

116616666616611666616611166- 11616166-666666.1661616616111, Jaegerupriis,L28. 11. 48. 8. “

111666, Ι. 19.

11666616666 66166, 11. 16.

116611666166, R, 1. 20. 68. 79.
11. 10. 22. 8146.

1166161666661166, 146.

116666166661666616, 666116-
61661. 76.

11666116666 666. 816666. 11161,
176-76. Π. 41. til Svorigs
111666616166, Ι. 7611111611666
11116116.

1166-11616666Τ6166,11 41.

11666,11,1. 70. 82. 11 82.

1166666, 11.,1666, 11. 2228.
46. 69.

Ι166666,1.0.,0666.16.,Π.(0.67.

Η6661666,.166111666., Ι. 79.

1166666, 066661, Π. 47. 68.

116666666611. 12.

1166616, 11116, 11. 86.

1166161666 (66616666 1161161),
11666.,1116666618.116666, l. 68

666611611166611, Π. 68.

8616666666, 1166166, 11. 82.

Η616616,1166.,Ι. 68. 80.

11616666 8666666, ΙΙ. 69.

1161616ςὸ66 Archiv, 11. 6. 16.
17. 11161666, ΙΙ. 12. 46. Τγ6666
111666, ΙΙ. 88.

1161666, 11. 11., Ι. 20. 82. 44.
68. 80. ΙΙ. 10. 22. 84.

1166616 vm, 11.,11. 18.

11666166666, 116111, 66666, 1
1111666, ΙΙ. 18.

1166661, 1161, Ι. 6. 2111. 10.
22. 84. 46.

1166161616616, Π. 44.

11116666666, 1116666666, Ι. 21.
45. 62. 67. 76. 80. ΙΙ. 47.

11111666161 11666, ΙΙ. 82.

Η1666666116, l. 67. ΙΙ. 88.

Η66666666, 16611166, Ι. 82.

1161161 1116666. 1761111 29.

11666 1116661. 79.

11616611 1166666666, 1. 76.

Holberg, 11.,166166166166, ΙΙ. 21.

11611666, IL 82.

1161166666, 6661 Ε, Π. 48.
66161666 11166611 88.
116161666111616616,1 10. 16.

Ι. 62. ΙΙ. 21. 88. 46. 67.

1161166, 061116, Ι. 9.

1166666666, 111661, ΙΙ. 69.

11666166, 8166166, 1 86. 44.

Η666666, 06661, 18011 10. 22.

11161 11616611. 41.

116666, 0666611, 11. 68.

1161116161, 16661, 11 17.

1161611166, 6166616 til 116166, 1.
69. 116666616 1112666166, L 40.
70. 06666111616,Ι.69. 06616666
1116, Π. 26.

11666616, Ι)6., Ι. 10. 20. 82.
69. 44.

Hylte i 11611666, Ι. 46.

116666, 1116111166, 11. 60.

116166116, 1. 40.

11616616661, 61166106161611,
11. 40.

1661, 11. 1666616 11661 666661,
1117.

1611, 1166611 1661661666, 1 46.

166616, 11. 06616666 116, 1 6.

Ι166666, A. B.‚ 1161166, 11. 69.

166666, 111.06116.16661,Π.84.

J 66666, 11666, 0666111141.

166666, 166666, H. 46.

16666616661616166161, 1. 26.
91. 88. 89. 68. 72. 78. 11. 49.
20. 82. 62. 66.

16666666666, 6666661, L 21.

166666166 1 (1666666. 0661616,
1. 42. 48. 69. ΙΙ. 14. 26. 28.

166166666 ,166 1161 0611666166,
11. 48.

166661661661, 066. 66666, Ι.
22. 2147. 60. 71. 82. 11. 18.
21 26. 67.,49.

1616666666, L 89.

Ι616666111616116,Ι.10.1111.86166.,
11. 6ο. ’

1161166666 1116166166, 11. 40.

1661, 1666, Ι. 81. 1166666111.
81. Ρ6161, 11. 40.

1611666 866616, Pr. 61116661,
1. 81. 82.

1 116116666666666 6616666166. 166111661616166161, Ι. 118.

27. 88. 88. 68. 66. 68. 68.(16.
74. 78. ΙΙ. 4. 9. 16. 20. 40.
44. 60. .

661666661666.

 

