179

5. CantzelieForwnlteren 0101001 Μο130000 1011100113 0100 (100100110103 10113100 010
11110000 1 10110 Τ1110 00100001300 11110010 03 101100 0110 31301, Aeta, Documenter og
Brefue udj Centzeliet under 3001 03 010101 10000 ogLyckelnze 1010010 0331001010,
000 10101 10110110010100101 01101 1011301110 100300110010. Ηο01 0101 0310110 113113
110310101031000330010ρο00110110310110010100 03 10 derudj 1011111οΑ010, 03 Α11103
udj gued 03 011010113 01100 disponere 0310010330, 000 010001 mand Neget vil 011101-
0000 03 opleede, det 1001101101] 3001 1113113101 03 0100 01 1010111103 03 (1οο100100
100 finden. (10010οΙ10 1101001101οο 0101 03 0101110001001 1000 013 0101110110,1010101-
ties og ey Andre communicetis 161, 03 eyheller 01010110 00300 Oopie' 0101 (1001001101
0100 0101111010100. Hand 0101 031113000010 1011010110 1131130 031001130 811110010
03 0001101οτ 03 00010 111100011 01 00010 111 10110 110110010001, 0011030101 1000001 00100
(00100010101111101101000, 0110111001 00110 Mende det og vaere kunde, 1000110 10110
10100001. 0311111001 1001 1011010001001101011000 01 11110110, 01 10 1111113 ved 1)ὃ100
0000110103 ey Enhner 0100 10101101 101101011 03 010110 1010110 (101010011001 03
1001130 00110 111γο Βο1100110 0110000 011011 1011010, 100 00110 010110 1110131100111110010,
1001 huem de 1101001 01 1110, 03 10 0110110110110111111010 01301101( 13100 010001001101
1011130, pua 10111010011001110113101 og 8111101 01Εο11011010110100100101011010103
1001 F yllist 31110. 6. Ρο0 101 00111103 0110101300, 011001113οη 0311311300 0101110-
10110001 03 101000 1113001οΕ110011110001 vdj 0110 101010110010 (1001001ἰο 80301 1001
111 300, ville wi, 01 1011001 10101101 00010110 0101 1011011111, 01 0001100113 1001 1730 001
0000103011 03 001 Γ1010010300 01011011( 1100100101 1010 11101130 17100 1100100101 Chri·
000101Ρο101013, (10101100 03 (1001011110 11001 111101 111031, 01018001010101 Dirieh
801011 03 110110 Ober 03 (10101100 Kemmer Secreterer Peter 8010000101, 000 03 1001
ef 00010010 800101010100, 0010 1101100 111101101 01 10110 Ρ1010001100, 01 01110 udj
Cuntzeliet 001 1011011103οο fra Kloeken 01011 101111 nj, 03 1010001 10101110010100 03

Μο03100 01100010110010803011010111001001, 10 00103000 001 Efftermiddagen 110 ’

10 101111 fem, 03 010110 10 10330 Ο1101800101010100 0110 Supplieetioner oplaesne 03101
0001111130 (10110310 alle 10110000001080301 proponere, 0110111101 101 1001 01001·
00300 med 0110 00010011310101, 100111011οθ0 0110100110 1010110103011 denne 01101
. lige Τ1110110 (11101101, om 00100 0101 Privilegier 01101 00110 01300300 Β10100 1001
11010 0001100803 med 0110110101, 01101 001 1011001 101001 0011οΡ010010101 0111011010
Ρο010 03 Forbund kunde 0111110, 03 1001 Expedient 1001 03 11111301 101000 10010
0101000 01 110010, pau 101 bomte 10110 80010101010 010111 wel 001 111103 1001 10010
001011011οᾶ0 03 10101001010, 03 om 01101803001011010110010 Το111 01110 310010113οο
03 101110010100 3001001, ferend 10000110101100101001311101. Naar 00 111103 udj
1100100110 (10110310, 0010 1010011 01, 11101 0113100000( 0001, 1011010101 03 0100100301,
000 010110 10 101000 00100100, 03 010110 10100110 101101000100101 Seereterere 03

10300 001000001010110 0310101010, 1010811301 1001 01 dem kunde 10100 01 propo·
23*

 

