' 44

ryghens 0011 01 1000001000 0110 0031000 1010330000 003100, som nw 000 001 Ι
10000001010, at wy 0010 001 001010 10110 01011310, 10010 001 0101101310 0110 110000
0110000100 article, om 301111010οο 100000110000, 0100 000101001031 Danmark.
' 111001 0110000010 01310 001011 1010110 001 haue 001 1011 10000 01100 000 11111 01 10000 ι.
1000103, 01110011)1 01 thet aer 01101100001310. Jtem 0100101 000, 01 wy 0131030 01000
000110 10000, 1101 3011100110110, 110 010010 0000 00010310 003100 001, 0100010 01100
00100010, 100100 01003101. Jtem 001010 wy 00310 01100100010 10000 011000010οι
jndraghe 1003101 0100 0001010100 0131000 00110 0011, 001 ieke 1000001100 00300
011000010 00300 0131000 0000110. ⁰ Jtem 001010 wy 003100 011001001010030 0101, 1001 a.
01100100011100000010 001 003100 0110010010 1000 011 0131000 0011. 1100001010 wy ⁵,

· aenghen kriig 000 010 00011 00300 0100 00011 00000 0031000 00110 1011001 001 011310.

11000 001010 wy enghen 0000101131 0000010 100010310 001101100310, som kronen vpa 0
0100, 0100 moth 00010010100 0101310οε 00110 10110011 00111110101000, 00100310 0101
10000100οᾶ0 0100 01100 0131000 00110 0011. 11000 001010 wy ey burt 1100 01100 burt 0.
1010 10000011010131010131000 clenodia 011001001, som wy ther 1000 000 10000.
Jtem 001010 wy ey 100000110 01100 0110010 0131000 0101, 100 01100 0000110, 0100, 11010
3011100110110, 01013101 0001001 001011 100310, 01 thet 0111 001 10101 3100100. 110
001010 0011013100 011000001001100011. Jtem 00101000)1 10110 0010030000000
30011 001 0100101100 0131000 00110 0011. ,110οι 001010 wy 003100 10010101 10330 00.
000 0131000101133000 0100 moth 000000 0131000 00110 1011001 001 011310. Jtem ιι.

’001010 wy ey 310010 01100 010110 01 30010 0100100 01100 001000101οο 01100 010000
1111 0010113101. Jtem schal 003100 01100010 100000 1111 000310 01 00300 1 1100- 12
000010 0100 1101 101100 100000 till 01 103100. «Item 0110 110 100100, som 1000103ιο
0010101100 011301 1 hans 11111 1100000010 013100 1011110 men 001 10000000 000

0101, 100, 0000110, 0000110300 01100 10111011, 001 110 sorde laen 01100 000110 1110000
1000010 0000 100310 1000 1000 1111, 110 1001 nebule wy 10110 wydh full·
0001101100110000 liudh. men the 1001 0000100 301 0000101, 100 01100 000110 01100
00300 00000 1111, som 1101010010, 01100 01100 01300 mans tiidh, 0000 ey tha war om·
1000000110111100 1110 001 0000111100. Τ10000 forne 0011010 10100 001 01310 wy 10010
001 0100101310 0110110 0100 01111010000110. 001 wy 111 00011 30110 00110 1001031
1810000113, 30000 1 Ηο10100 8100000000 001 Schowemborgh 001 011 0001 01010113 0011,
som 00 00000000100 0000 001 100 0110000001οο 0100, 10100 110110 eamme 00011 forde ’
000 0101000010, 01 1101000 i 0110 000110 101100 00101 som 1000000010ιί1 01000 00100
0110031. 001 nar wy Cristiern koning worden aere i Danmark, 110, 0010 wy 001
001010 jnnen 01 0001100 01100 011011 summe 10010011 1000 0011311100 00110003110
moth 00001 maiestatis jneighle Danmarks jnbyggere. Til ydhermero forwaring 00
00100 100 om, tha 1000 wy Cristiern 30000 1 0110010031 010. 001 wy Alff 1001031 1
8100000131οὼ 010. 00011 0001 0101011310 0011, som 0000 0001031 father 00011 3011

 

