86666666,1116616, 1660, 1661,
6122, 128. (1661611616 16666·
666, 111 0661616661 1523, 6. 66, 66.
111611, 1661, 6129.

8666616666 61, 16, 86-88.
98-100, 106, 106116, 117.

866611661, 8666166 279.

ἱ 8611616, 6661161, 11616666616
1661, 6137.

86666, 1616611161, 1660, 6. 21.

8666, 8666 (6661161, 1616661611,

“ 1661, 6129. ,

866611. 111616, 1166666, 116661
1 1666661666 1661, 6133.

8666, 16. 16661166666, 111 8161·
166, 8111166166 66 166666 1661,
6136.

8661166166 112.

866666166, 11. Theophilus 1666,
1 16666666, 1166616661 11616166
16616116. 11166116116616116,
1811161666, 11666118161161161661,
6116.

8661116, 111. 11666166 16666166,
111 1661666666 1661, 6131.

8116666166, 11. 16661, 6666661-
666661666. prosumus. 1661,
6129, 161-167.

866661, 11. 16116, 111111..
1611116166, 1666166111 1 16161·
66116616 16661661, 6122, 128,
161. 11.1666661,111111116666666
81666616616 66 161161 1111161
1699, 6. 283.

8666666166, 116. Augustinus

' 166616661111616661661, 6131.

866661, 66 81661.

86661161, 6611616666, 1111116166
1661. 6112.

866616, 116116166, 61661666 116661-

· 661666611, sp. 6661. 66161161
1611, T. 62.

86166166, 66 81166.

86116166666, 11166616666611,
superintendens 1 11616611 1661,
6116. 16. 166661111616611, 111
816666666616166 66166 1661,
6130.

86616161, 16 81111161. 116116.

86116166616, 11. 8116161611 1.,
16661. 1661. et 6661661161661611616

1661, 6118.

8661666166, (1111161166, Admi-
661116161666 1690, 6. 291.

86616666, 16166611166, 1 81666·
6661666 1661, 6137.

Schmidt, 11. 1666661661166611,
111116666166660161661, 6133.

8611666111, 86111111616661661,
6168.

8611611616, 1616616661666, 111
166166 66 116666 1661, 6131.

86666661, 11. 116611 8616661666,
111 81166616, 1161111 166166161-
6661661, 6131. (1616616, 166-
661116666 1616, 6. 222, 223. 11611·
611, 1113, Τ. 8. 16116611, 11166-
11166 1661, 6138. 11161666, 1
166666166 1122, Τ. 15. 111111-
holm, 1 1166616166, T. 28.

866611, 11166111, 6186116116116661
66 1116661166, 0661666661616 1610,
11,, 861166161166661666 1 Tyn,
1161111666 1 066666, 1161661 66
81166661611661691, 6. 119,
181, 122, 226, 228, 230, 306.

8666116, 1166611, 1161616661 86·
6161616 1821, T. 57.

86661666661, 116611, Commis-
666166 666 86616166 1673, 6211,
sss-218. 16161, 66 6611661616.

86666116, Simon Glavs, 1161·
61666 66611616166666111111690,
s. 286.

86661161, caspar, 8661611111 66
8666166666661661 1676, 166-
66111666 66 116661666161611
1680, 6. 221230, 231,231·-237.

866166, 11. 166666 1116616666,
111 16666166 66 (1161666 1661,
6130.

866666, 66 8666661116.

8661616,16666,1111166616111111.
1896, 6106109. 16666, 1661,
6128. 1666611, 6611616166666,
1111616, Landsdommsr 1816·
1661111111. 1618-1661, 6120
-122,128. 16166611666616666,
111 11166616 1666, 1661, s. 122,
128. 16661, 1666616666, 111
1161666616 1661, 6128.

86616 p, 111161616166666611661·
pruvst 1 11166 1661, 6129.

86661, 111661· 166666, T. 71.

121

86666616 1166161 T. 58.

8661, 1661116111616, 188, 208, 212,
291. 161166611666161661666666
66 16661166 16116661, T. 12,11.
16161666, 176, 181, 222, 236.
1661166166116611, 196, 197, 201,
310, 311. 1666611, 66116 6661,
178, 188, 190, 203, 208, 222,
223, 301, 313. 1666666 61666,
616111616611666611161611666161116·
16166616161661, 221233. 11166-
61616, 11, 15. sugens, 31, 61,
76, 88, 100, 108,111. 1161616
0666661616, 66 caussas, 262.
8161661666666 1116666, 210, 262.
1616, 322.

86666166, 8666166,1661, 1660,
1661, 6122, 128. 1161166161,
T. 69. 11. (16116666166166666,
111 816666616, 1666666 16616161
1818, 6.120,121. Christian,
161616611611161 1690, 6. 293.
(1611616166, 1661, 6129. 1611,
1660, 1661, 6122, 129. 1611-
61661, 111 1166666666616, 8161· ’
1161666 1 116666 1618, 116661,
1166116 81611666161 1660, 1661,
s. 120·-122, 128, 161-161, 161.
1666116, T. 68, 70. 1666 1116-
616666, 1531, 6. 82. 1161166166·
666, 1661, 6128. 111616, 1661,
6128. 16. 0116, 8166616611666
1118, 616. 01161611116666, 1
1116616166 1617111 81666666 1626,
T. 18, 61, 63. 0116, 1166661666
pus 86666666 1611, T. 69.

8666666, 1666, 11616616 1661,
6139.

, 861666, 11. 16666 8116611666, 111

11611 66 1616166, Proust 111611·
1166666 1661, 6133.

8616616166116616, 8, 22, 23,
61, 78. 1611161166616666.

8616666166, 11666666 866161616-
1666161166, ’1.67.

8666, 16. 1111116166 8616116611, 1
Tarum 1661, 6130.

8666116, 66 86666.

86611666, 6616116116.

81111666116111661, 61661666 8166·
61666616 61666, imp. 6661. uo·
161166 1161, T. 31.

 

