163

181888 81188188. Η888 81188 8118 88 881888 88118888818188888 8818188381 1881
8118 81 88118. (111881 888 888 18838113 1188118818 811Κ11188181818812418888.

Anno 1661.
Vnder vort Ζ13881.

1181188181.

1.
1888818189 om 1881 1138818 Reuss Adminhtrattbn 1 1188888881, dat. 1661, 1111188881.

Wi Friderioh 188 ’118118 881 (1818 118818 8888888118, 1188318, 11188118 88
(181118 Κ888183, Η88183 811 81888813, 8818188, 81888888 88 8818888188, (188188 811
oldenborg 88 8818881881, 31188 8118 8111881131, 81 81188888 18811188 88 8881 1881
88818 1181131888 11188188 181188888881888 88118 1188188881, 1888 888 811 1183188183

118 81 3881188118, 18181888 wi 8881138181888 81118388181888 paa denne voris Re·
gierings Forandring derben voris 188381130818 villet 88118, 188818118188 1188818
Ret, 188818818388Α8881181188 1888181888, 3881811388 188 8118881 11138 88888881
8111118 88 81881118 kunde, 88 til 1888818 8888888818 voris 8881138181888818183 til
Effterretning for 8118 88818 11888188 1181888881188 188 8888881818 81388 8818818818
1818. 11881 81118 wj, 8118881818 1188818 flet 18881188 8181 811118 88 administrem 81
11 8181118181 Ρ8888888, 1888 81 188 888 181188 11881 8181 88888 81 818113 88188 88188
181188 Deel 811881· 88 18838113 81881, 888 8118 81 88 8811888 188 til skal 881811 88
18811818188818. 11888881 ville wi 188881 til 1818881818 11188818 1181118 811888 881811-
188888 8811888188 18188 1888881881 188818 secretarios, en 81 Adel 88 88 8118838113
81881, 888 818188, 8888181188 811188, 818113Ρ881888118118 818118 8188818818 8881888
181188 88 anteguis 188, 888 88 881881188181888, 888 8118 Α818 88 8888888188 188
1181188 8818888 8181. 08 888 wi 181188 3888181131 888818, 81 88 818 Tjd 88 8181 881818,
8888 88 1888 88 1888 18888181888118 1188818181 Ι8188 88388 81188 188113 1883888818
81818183 8181 1818 83888, 18 8111881, 8181131 18881188 81818188 ordinarie 88 (1883
88 18881, 888113 otte Dage 81188Ρ18188183188818 1188118818 8181Κ111881818, 881
818188 wi 188 8888 Α8888388 Skyld det 81811888 8818818118 8881818811 888188. Η888

81188 8118 88 881888, 888 181881188888, 81318188 8188118 8818818118. 1111881888
8881 81811111881818 188 1418188881] Anno 1661.

118188 8881 113881.
18118881.

ἱ--μ--ι-ι--ιι--ι--ι

ι111188 Gades 1113888 8118888181838888 888.

 

