98

1111111111111 1 Vardo 1661
1110.

1115111, 111. 111111111111, 111
8111111111111 1111111111111,
1111111111111111111 1661, 1. 131.

11111111, 11 11111111.

11111111111 11111111 1111111111
215.

11111111111111111, 11 1111-
1111111, Holmon.

Eqvipagemesteren ved 81-
111111 211, 213, 215, 218, 162,
265, 267, 268, 268, 269.

1111, 111111 61111111111111,
11111, 3, 5, 7, 12. 11111 1111-
11111612. 11111111, 1111110.
1111111111111111,28,31,32,381
T. 8-11, 13. 11115111 11111111,
11 1111111111. 111. 1111111111ι

. 1111111. 111. 11111111 11111-
1111111661 1130. 1111111-
111111111111111111111, 11181111·
holm) 1360 1. 26; 111111 81111-
111 11 111111111111111111 1111
111 11111111, 61111111181111111
11 1111111111 8111 111111 111-
1111111 111111 1111111111 1111
118116111111111 1111111 13111111
11 11111111 111 6111111111ε 111.
11111 1111. 1118111111 11111111.
111.(11111111111 11111111 11111111
1661 1. 136. 11111111, 11 8111-
111. 11111111 81111111111661
1. 112. 111. 1111111111 111 1111-
1111, 11 61111. 111. 511111 G.

111 1111111111 1661, 1130. 111. ,

1111111111 111 61111 og 1111111-
1111111 1661, 1. 130. 11111111
1311 (11111 1111111111111 op·
111111 1111 11111111), 1. 16, 17.
111. 11111111 1380, 116111111-
1111111. 11111111 11 111111111-
holm, 11811111111. 11111111,
1111111 1377, s. 25 111. 11111111
111 1111111 og 11111111 1661
1. 131. 11111111 10111111 1661
1. 137. 11. 0111111, 1111111.
01111 1 611111661 1. 110. 111.
01111111, 1111111111111. 11-
111111, 111111 1113, 1117, T. 7,
8, 12. 111. 1111111111 11111-
1115111 1661 1. 132. 811111,

11111111111111. 11111111, 11
811111. 11111111111111111111111-
holt, 11111 811111, 1662, 1. 119.
1111111111, 0115 11111, 91, 120.
11111111 01111111, 111111111111111,
8111111111 111 11111111, 111111-
11111 811111, 1662, 1. 119.
fflwmmwmfflwl
Laengden.
Ernst, 01111111, 111111111111-

1111661, 111111 Prot. 18111,“

1. 161. 11111 111111, 1 11111
1661, 1137.

1111111, 111111 11111111, 1111111-
5111 p. 11. 1661,1.111.

111111 1113 T. 7.

1111, 110111.

1111111111), 111. 11111 11111111,
11 111111 1111, 1111.

1111111, 111. 5111111 11111111,
1111111111 1661, 1. 117.

1111,1111111,1111,11111,
1111, 11115111111111, 1111111.
Bisp 1 111111 (i 81111111 11
sparte over 11111111111111)
1320, 1. 11. 11111111, 1111111
1311, 1. 16, 17. 111. 11111111
Ν. 1111111661 1. 133. 111. 111-
1111111 W. 111 1111111 11111151
1161 1. 135. 11111111111111
8111, 8111111 1111111111 1661
1. 135. 11111111 1117 T. 12.
1111111111ηά, 1111111111 1 111-
1111111 1121, 1123, T. 15, 17.

11111, 111., 81111 1 1111111111
1111, Τ. 30. 1111111111, Prior
111111111111513, 1523, 1. 16, 65.

111111 15111111 66.

11111111,1111111111111.

11111, 11111, 11111111 1111, 1
11111111 1661, 1111. 8111111
111, 1111111 1661, 1. 136.

11111111111, 61111111 1111111,
103.

1111, 111. 1111111111 1 111111,
211111111111111111 1661,1.116.

1111111111, 11111111111151111111,
111 8111111111 1661, 1. 130.

11111111, 111.11111111111 1111-
11511 1110111111) 1661 1. 131.

11111111, 11511111, 61111 11,

1282, s. 1. 1111. 111. 1111111 111·

11111111, 111111 1111111111,
111. 1111 1111111111, 1111 1111111-
111, 11111111111111, 111. 111·
11111111111, 111. 111111111-
51111111, 111. 11111111111111111,
111. 0111 1111111111,’ 111. 111111
1151111161, 111. 111111 1111111-
111, 111. 111111 1111111111.

1111111111, 111111111, 257, 281,
285.

111111111111 16. 111181111-
111.

1111111 111, 111.

11111111, 111. 11111111 1111111,
111 1111111111 1111151 1661,
1.,131.

Faber, 11. 11115, 111 81111 og
111111, 115111 1 11111111 og
1111111111 1111111111 1661, 1. 131.

1111111 ecclesie 1111111111
11111111111111 T. 5, 7, 11, 17,
311361,

11111111, 1111111111, 160, 190.
8111111111, 11 11111111 1111-
1111111.

1111111111, 111. 1111111 11111111
61111111 1661, 1. 133. 11181-
111111111111,11111111111111 1661,
1. 136.

1111111, 111111, 11111111, 6, 8,
22, 53, 56, 72, 61, 96, 106, 113,
282. 11111111111.

Falenkamp, 111. 81111, 1111111
1661, 1. 136.

1111111111 1 81111 1661 1. 110.

1111, 11181, 1360, 1. 2ο. 11111,
1111111, og 81, 1111111 1377,
s. 23, 17. 111111, 1115111 1377,
1. 25.

1111115111 12.

1111111111, 8111111, 1161111-
1111111111111111, 253.

11111111111111 11111111 som
1111 11111111811111, 62, 77. 111
1111111111ῃά 11111111 som 1111·
11166, 106, 166, 117.

1111111156, 76, 76, 62, 65, 97,
161, 123.

1111111 (1.111 og 8]11111),1ο1111, “
111111 1377, 1. 25, 27. 1111-

11111, 115111 1360, 1. 21.

 

