80 1115111115111115511-1111111111151111

35511511, 3., Ι. 70. 81.
3551111113511051611111151, 11.
26.
35151, 3111111151, I. 81.
35 yar, Overrataproa, 11. 47.
ι31511511151, 81.Κ31.,ῙΙ.28.
315, Kjlrr, I. 32. 33. 44.
Bjalke, 1613, 156. N. 111155,
170. .
31115, 0., 3115115, 1. 31. St. Α,
11111111, 11. 11.
31115, 81551, 111 71111155, 11. 59.
31115-315115,31151,1. 81.
3111, R. 3., 1111111151, 11. 41.
31115115,1.52.64. 77. 81.
31115111131-315155, I. 28.
ωωω11’
3113, 351111, 11. 33.
3161111153,1.52. ⁴
Blanatrup,'11. 17.
311151-3115515, 35151,1159.
31111115, (thid, 1. 31.
5511511515, 11. 11. ’
35135151, 1. 43.
3511151111 Hist.,1.10. 1111115-
553,1.4,
Borreby i 611515, 11. 24.
35516 853111. 46.
3511111115, 1151111, 11. 47.
Boye, V, Stud, 11. 34. 46.
315115, 113511. 58.

. 3111631165,11. 6.

3151611555 1 Κ51111, 1145.

Brandt, 0. J, Caud. 11., 1. 10.
20. 32. 4479. 11. 22. F, 01111.
jur, (11115135),11. 23. 35.

3115511, 311511, Ι. 80. IL 1022.
34. 46. 53.

315351111111,1“5111ι1.,120.68.79.

31511511111515, 11. 5.

Breve, Gottorpske, 85111515,
115.

311151-851115111, 05111, 1. 52.

31551, 3515, 11 29. 113, Ad-
155,11.47.

¹ 3155115111, Κ115115, 11. 47.
3135153111, 11. 47.

3151151551, 11. 6.

3151511, 11. 11.

31535135 til Kbhrns 111115-
11115,11.56.

31555611, J. 0. 51.,1. 68.

Bruuius, 8111151 Κ111111, 1. 76.

Bruun, C.‚ 3151511 Κ51111, 11.
17. Η. 11. 3115111 115515311
22. 34.

3115111551, 151 0511. 111511, 1.
36. 47.

3111351, 5511111151, 1. 23.

35. 47. 59. 71. 82. 11. 13. 25. 37.’

49. 61. 8. 5551511515351115111.
311151-355151, 10.,111, 1.

46. 57. 76. 79. 11. 10. 18. 22.

QQQM

3131113515151111113511051.
11151, 1. 20. 35.

3111511, 0111, 11 47. F, 051,
11. 11. 15.,011111, Π.41. P. 11.,
051.,1. 52.

36311, stud, (115 115135), 1. 33.
45. 315151, 1. 34.

Campeu, 1. 79.
Cancelliapraesident, 1. 8.40.
0515511151 (Copiist) 1051111511,

1. 23. 24. 35. 48. 59. 83.
0511 lv.. Kaisar, 11 18.

carr 111511, 1. 55. unge,

11. 53.
0511, Hert. 11 01115155, 11. 21.

05151115111115,1)151., 164.
05151115 1151111165, 11151,

1. 70.

0111151, 3151, 11. 6.Δ

0111515161, I. 68.

0111551, 3151, 133. 57. 11.
4159.

05151511, Α. G, 11. 40.

05111111, 1153, 11. 11.

0535115111 da 811151551,
Κ115115, 11. 41.

0111115115 11115115, 3111115, 11.
47.

Charlottanlund, 1. 31.

0151111511 Η111. 1115111, 11. 22.

0111151151 8151, 11. 7.

01111115111. Κ, 1. 46. 80. 11. 32.

ΉὼὼωΚΏ1ΩΜΠ
18. 40.

0111111111 111. 11, 1. 58. 62. 66.
1148.

Christian lv. Κ, 1. 5. 10. 27.
54. 55. 67. 11. 48. 57.

0111151111 W, udr. Κ, 1. 50.

Christian V., Κ, 1 10. 5670.
II. 6. 17. 39. 57. “
Christian vl, Κ, 156.
Christian vll, 11., 152. 11. 10.
Christian VIII, Κ, 1. 3. 415.
37. 38. 50. 52. 55. 56. 66. 11.
15. 24. 29. 52.
Christian, Prinds 51 Daumark
(01115115), Ῑ. 4. 50. 51. 55. 56.
Christiani, 31.,1. 81.
01111111151511131111153, 14.
Christianstads Brygge, 1136.
christophor 51351511, Κ, 1.
52.

’01116511515 Kirka, 1. 69.

st. 01115 3155151, 1. 44.

0111551, 11115115, I. 68.

0151511151,111511, 1111156511,
11. 41.

Codex Fredaricius, 11. 53.

05153611551, Kjkr.‚1.46.

0511115155-0511531515 Astur,
I. 33.

Commissiou til Udvid. 11 0511.
1151151155115, 1. 58. II. 27. 33.
37. 48.

051111515111511511,139.

0511515155 · 8161351151,
Τ61111315111515, 11. 57.

’051151115111111 dan 115131,

1160.
0515511155,1. 68. · ·
0151115111, Δ, 3151,1. 68. 80.
0151111351, 11. 45.
011115-311115151151, 1. 3. 5.
9. 56. 79. 11. 21. 28. 40. 44.
5256.

D aa 5, 01111,]“11.,(115115135),180.

31311111. Dr, 146.

Dahl, 3151,1. 30.

Dahl, 8113111111, 1. 20. 21. aa.

Dauner, 0151111111. 26.

011115 Κ51351511111, 154.
57.65.77.11.8. 19.31.39.48.uu.

3115151151, p. 3513,,11 22.

Dansha 8111111351, 1. 46. 69.

1111115 61151555 Sarni. 5.
36351, 1. 15. 40. 11. 4. 5. 6. 7.
mmmm&

Dan, 111111.,1. 67.

3113115111, 3111531. 21.

 

