11101001 81111100 1 1100011111,
11. 55.
1161000100 1010100, 11. 10.

’ 11001, F. J., 1001 Journal, 11. 8.

11001, 111011, 11. 17.

1105011, 1111.,1. 84. 46.

11011001101110, 1. 78.

1101151010100 p. 80110101, 11.
45.

111111, 1. 0., Dr. 1111, 11. 58.

1101101011110010 1011050100,
1146.

110110011010110 1101, 11. 18.

110011001011000100, IL 45.

1100111011 810011011. 5.

, 1101111010, ’1)1001001, 1. 75.

1101110010100, 1011.,11. 15.

1110101-Ηο10110101,11. 45.

11101011, Α. 0., 11100111, 1. 57.
68. 66. 10101,Ρ101.,1. 75.

111001, 01011, 11. 10.

111110- 00 [1010111100. Min. 0.
Ι0011000110.

11111016001,1. 76. Π. 6. 40.

111110111001,11. 11.

11161) 0111011111ἰο1, 11. 6. 4148.

11]·61001010,1. 77. 80. 11. 11.
100011111000101, 11. 8.

11101010, 111000100οᾱ, 11. 48.

11100, 11111101, 11. 40.

111οο101100, 11111011, I. 57.

111010010111110 8010110001, 1.
46. 68. IL 84. 58.

11110010111116011 111111, Ι. 76.

1110101110011001011151110.,11.
20.

1101111100 11101101, 1. 44.

110100011110, 11. 82.

11011 1100, 0., 0001. 11οο1, 11. 56.

11001100, Η., 11001110, 1. 8. 6.
17. 24. 28. 41. 47. 55. Π. 24.

Koch, 1000100011, L 22.

11010101οη0 101 1110011010,
II. 82.

110000101010 11011101011001.
11011101, 1. 4. 15. 26. 61. 64.
66. Π. 20. 27.

1100000, S. 11010111 vll. 11.

11011, 1111011011, 11. 52.

1101000 101 1101001οὶ), 11. 20.

1110110, 0001, Ι. 75.

’ 115111100110110110.

11110001, A. 1., 1. 20. 81. 82.
68. 80. ΙΙ. 22.
111161101010101101, 1. 26. 88.
62. 74. 78. 11. 4-5. 7. 8. 16.
88. 40. 44. 52.
111101000101111011011-110111,
1101001110, 1. 88.
111001, 111011, 11. 10.
11100001, fl. 11100 110Ιο0111,
11001111 0101100.
111001010,Αο110010110001,1.88.
11100001 11011 10111101011182.
11100100, 1100010 11000011, 11.
11-12.
111001000, 810000, 1111, 11. 82.
1100111010οι01 1115110, Π. 11.
111110, 0001, 11. 46.
116110, 0001,11. 44.
116100, 1111001111, 11. 60.
115010010111, 01011, 11. 58.

1111110101Η6111000111000.,1. 76.
1000110101, Baton, 11111.
68. 81.11. 12.
1000110110,11. 18.
10011001 101 11011 1111101001,
, Π.18.
10011001-10110011., 10101,
1111.
[100101101011. 17.
1001·1111111,11.1ο.
1100101011, J., 11. 47.
10011001010101 1545, 1. 48.
110000, 0. (1.1, 110101011101, 1.
11. 83. 45. 70. 81. 82. 11. 12.
28. 24. 86. 48. 60.
1100005101. 78.
1100001001, 0110111101ωο10,
1147.

, 1100001001 1 101 8000 (8101110),

11. 48.
1101000, 101010, Ι. 208148.
1101000, 1., jur. 1100001, 11. 58.
1101000, L. 0., 010110110100,
181. “
Lmen, (10., 1111, 18011.
10. 22. 84. 46. 57.
100100, ,10.Α.,Ρ1011,11.17.22.
101100, 1111.,Ι. 81.
100001010111010001. 10.
10111011, 11. 17.

83

1010100001, 11. 10. 16.

10000101, 1. 20. 68. 76. 80.
11. 10. 22. 28. 28. 54. 57.

110100, 11. 41.

1101011111, 01011010, 1. 28. 82.
11. 85. 51.

101111, 1., 1. 16. 11. 54.

Liber 0000001. 0011000. 81011,

, 11. 5. ’

11101) 0, 11100 , Π.12. 1110110155.

111111001οΙ, 11. 47.

11111001110110101101001100,1.
81.

111001, 1101111001,11. 58.

1111001100 1111011, Η111ο110, 11.
8189.

¹ 100010, 0011..410111010,1. 1214.

10100100001101101, 1. 22. 46.
58. 0001011111οο 001101 101010,
1. 58. 70. 82. 11. 8.4. 18. 24.
25. 27. 86. 87. 44. 48. 60.

. 10111001,11.45.

1100100 1000010, Ι. 38.

Δ11011100 010110110, 100101011010,

1. 50.
1100110, 1110100010. (0111011110,
Ι. 88. 50.
101, 1100110, ny 1110, Π. 58.
11011010000 03011 0011101,
Ι. 22.
110011, 011, (11010100),Π. 58.
11001100, 1110110, Ι. 15.
1050101010101,Π. 16.
10001010 1001101, 11. 4.
1100001111 1101101, 1. 68.
11111100, 11011.,11. 58.
161001110111,0001.,11.84.46.57.

1100011111011010,11. 5.
11001010, 81010, 11. 56.
1100011100, 1100, 001.Δ1011.,1.
8. 5. 55. Π. 28.
11011100, 1101, L 18·
Μο101111601,1100.(1101010),1.66.
011010,1111.11. ·.
1101010000, 11.,111011, 120.
anLQu
1111101010, 111οο, 11. 88.
110110 80011011, 1)1., 1. 5051.

1111106,11)1. (1101011011. 18.

1100100100, 111101, lI. 52. Ι 110110, Pr. 0111010111050.

11*

 

