94

11616161 161666 61, 60, 11,16,
68, 100, 101, 111.

1161161161, 161161616616111,
316. 116116116161111161 315,
316.

1111, 11. 111616 11666666, 1113116
16616130.

11661, 111. 61116166161661 11.,
111 1116116161 61166161, 116161
Ι 1611616666 1661, 6. 135.

1166111116, 11. 11661116 116-
16161, 1161. 616111. 11611. 1661,
6. 119. 11. Erasmus 16111116,
prof. theol. 1166. 1661, 6. 119.
11. 1616666616616161, 6616111-
1666661 1116, 1660, 1661, 6.
111, 119. 111. 11611661616661,
116161 1661, 6. 130.

116661, 111. 116661661 1111611161
111 61616161111661661661 6. 131.
161666 6116611116 1113 T. 11.
111. 16661666 1. 111 1116111
16616136.

11661, 1161616, 181. 1161611661-
166166111616166166, 661111 16-
616611661111, 313.

11611, 1611, 1161661 1311, 6.
15. 11661116, 661 11616 61
666 11116 1316, 616.

111611 (11, 6661116116661, 111.
166111166616,1. 11. 11. 1183,
616. 1616, 111 1661161616,
1. 1. 11. 15116, 6. 103, 109.
111. 1616, 16166666 116616661,

1316-1391, 6. 21-16, 31. Lago ¹

0166666161661 1350, 6. 11.
1161166116, 11111, 1661, 6.
119. 16166, 1660, 6111. 0111,
166666611611660,6. 111. 016,
1660, 1561, 6111, 119. 16661,
1661, 6. 119. 611611, 1661. 6.
119.
1166111 p, 1616166111) 11166,
1181616.
· 1116, 111161116, 11. 6111-
616661 1161661666, 111 1116111
1661, 6. 131. 11. 1116161666
11. 1616161 111 61161116, 116161
1 1661611161116116111161166 1661,
6. 131. 111. 116166 11161661, 111
6116161 1661, 6. 131. 1111166·
111 16611661, 111 1161611611

1661, 6. 131. 111116611116661,
Ι 1661111 1661, 6. 135. 11.
11116 61116166666,1116611 1661,
6. 131. 1111166661116161661,
111 1616111 61 ’1116 1661, 6.
131. 111. 111616 11116611, 111
11611611161 1161 1661, 6. 131.
111. 111611 16661666, 111 16111116
1 066166 1661, 6. 131.

11161611161 116.

11166, 1111616161666, 61116111
16616136.

111616, 1111616611, 11, 13.

1111116, 11661666, 661116166-
11611.

1111116111 116116661, 1161 1
6116116111661, 6. 111.

111616, 11116166, 111 1661666,
1. 11. 11116161 1559, 6. 95.
11161, 1111111166 1513, 6. 65,
66. 666161 (02 661611, 66111,
1118, T. 11.

116611-1166161. 11.

11616, 111. 61661 11161666, 111
16161 1661, 6. 133.

11661116, 111. 111161 166661, 1
8661 1661, 6. 133. 111. 11611111,
111 161611666 61 1616] 1661, 6.
130. 11. 1666 16661661, 111
8161661611 1661, 6. 133. 111.
11666 16161661, 111 16161 61
16116 1681, 6. 133.

1661611616, 111. 1666116-
661666, 111 61661661 61 1161111
16616131.

11611616, 16166 11161116 161,

’ 1661, 1. 115.

11666,116111116, 1661, 6. 119.

1111611161, 161661, 116661
1311, 6. 15.

11116, 11616, 161161 1360, 6.
11. 11. Samuel, 1 16161161,
116611616111611 1661, 6. 116.

1111161116, 11. Petrus, 116111661-
1666, 16666661 1 8161666116116
6116166161611661, 6. 161.

11116 1161616661 1 1166611116- 1

6666 1881 6. 113.

11161611, 161161,1161661111666,
1111161666161111161161 11616·
1161111161 1691, 6161116161 og

11661, 16111, 1111661661, 6.
110.

116616, 111. 161166 1161666, 1
8161616661 (oz 11116 6111116116),
1166116161 1116111661111 1661,
6. 116.

11611111, 11116111 8611, 1166-
6161111695.

11616 1111161 61 1611616161
13,11.

1116111 61 16116, 666166 61
161161, 66 16116. 11 111661611-
161 300. 11 0661661116, 66
0116166616. 1661161616661116
6, 8, 13.

11116, 111. 1161666 111 611666 61
611616161 1661 6. 130.

1111661616, 11611661116, 66-
11 1616, 1166116111 1161166,
’1.11.

166161, 111. 1161616, 166 6111·
6116661611 1661, 6. 130.

111161, 1666111611611311, 615.

166111616161161611161,1111111
1661, 6. 131. 1666, 1111616·
16111616,1161111611666,116116616
6161 1611616161 61 161661111-
161 1693, 6. 111. 16166,1111116
16816138.

161, 111. 111616 6166161661, 111
1116116111 61 61661611 1661, 6.
135.

1611661616 11161616, 1 11616111
1861, 6. 139. 11. 111616161661,
111 61611116 1661, 6. 130. 111.
111616 11., 111 111661 6111161111
16616133.

1161166113.

16116, 1161161, 11111 11111666,
1. 1. R. 1513, 6. 66. 1111
11116661), 111 16161666, 1. 1. 1.
1559, 6. 35. 1161116 1111666,
1. 11. 1. 1513, 111. 1616, 6.
56, 66.

1611161, 111. 1161616 16661661,
111 ’1611161 61161661] 1661, 6.
131.

1611611161611, 9, 11, 1610,
11,16, 10, 666580. 1161-
6161 11, 56. 11111116, 66

. 1661111.

1116661 6611166111, 6. 156111. 1 16111611111111666611666666.

 

